1750022959635 50.0 0 a46da0974f0e403dba3d89fff2075a35
1750022959635 50.0 0 a46da0974f0e403dba3d89fff2075a35
1750022959635 50.0 0 a46da0974f0e403dba3d89fff2075a35
1750022959635 50.0 0 a46da0974f0e403dba3d89fff2075a35
1750022959635 50.0 0 a46da0974f0e403dba3d89fff2075a35
1750022959635 50.0 0 a46da0974f0e403dba3d89fff2075a35
1750022959635 50.0 0 a46da0974f0e403dba3d89fff2075a35
1750022959635 50.0 0 a46da0974f0e403dba3d89fff2075a35
1750023104201 32.0 0 a46da0974f0e403dba3d89fff2075a35
1750022959635 50.0 0 a46da0974f0e403dba3d89fff2075a35
1750022959635 50.0 0 a46da0974f0e403dba3d89fff2075a35
1750022959635 50.0 0 a46da0974f0e403dba3d89fff2075a35
1750022959635 50.0 0 a46da0974f0e403dba3d89fff2075a35
1750022959635 50.0 0 a46da0974f0e403dba3d89fff2075a35
1750022959635 50.0 0 a46da0974f0e403dba3d89fff2075a35
1750022959635 50.0 0 a46da0974f0e403dba3d89fff2075a35
1750022959635 50.0 0 a46da0974f0e403dba3d89fff2075a35
1750023104201 32.0 0 a46da0974f0e403dba3d89fff2075a35
1750023150251 86.0 0 a46da0974f0e403dba3d89fff2075a35
1750022959635 50.0 0 a46da0974f0e403dba3d89fff2075a35
1750022959635 50.0 0 a46da0974f0e403dba3d89fff2075a35
1750022959635 50.0 0 a46da0974f0e403dba3d89fff2075a35
1750022959635 50.0 0 a46da0974f0e403dba3d89fff2075a35
1750022959635 50.0 0 a46da0974f0e403dba3d89fff2075a35
1750022959635 50.0 0 a46da0974f0e403dba3d89fff2075a35
1750022959635 50.0 0 a46da0974f0e403dba3d89fff2075a35
1750022959635 50.0 0 a46da0974f0e403dba3d89fff2075a35
1750023104201 32.0 0 a46da0974f0e403dba3d89fff2075a35
1750022959635 50.0 0 a46da0974f0e403dba3d89fff2075a35
1750022959635 50.0 0 a46da0974f0e403dba3d89fff2075a35
1750022959635 50.0 0 a46da0974f0e403dba3d89fff2075a35
1750022959635 50.0 0 a46da0974f0e403dba3d89fff2075a35
1750022959635 50.0 0 a46da0974f0e403dba3d89fff2075a35
1750022959635 50.0 0 a46da0974f0e403dba3d89fff2075a35
1750022959635 50.0 0 a46da0974f0e403dba3d89fff2075a35
1750022959635 50.0 0 a46da0974f0e403dba3d89fff2075a35
1750023104201 32.0 0 a46da0974f0e403dba3d89fff2075a35
1750023150251 86.0 0 a46da0974f0e403dba3d89fff2075a35
1750022959635 50.0 0 a46da0974f0e403dba3d89fff2075a35
1750022959635 50.0 0 a46da0974f0e403dba3d89fff2075a35
1750022959635 50.0 0 a46da0974f0e403dba3d89fff2075a35
1750022959635 50.0 0 a46da0974f0e403dba3d89fff2075a35
1750022959635 50.0 0 a46da0974f0e403dba3d89fff2075a35
1750022959635 50.0 0 a46da0974f0e403dba3d89fff2075a35
1750022959635 50.0 0 a46da0974f0e403dba3d89fff2075a35
1750022959635 50.0 0 a46da0974f0e403dba3d89fff2075a35
1750023104201 32.0 0 a46da0974f0e403dba3d89fff2075a35
1750022959635 50.0 0 a46da0974f0e403dba3d89fff2075a35
1750022959635 50.0 0 a46da0974f0e403dba3d89fff2075a35
1750022959635 50.0 0 a46da0974f0e403dba3d89fff2075a35
1750022959635 50.0 0 a46da0974f0e403dba3d89fff2075a35
1750022959635 50.0 0 a46da0974f0e403dba3d89fff2075a35
1750022959635 50.0 0 a46da0974f0e403dba3d89fff2075a35
1750022959635 50.0 0 a46da0974f0e403dba3d89fff2075a35
1750022959635 50.0 0 a46da0974f0e403dba3d89fff2075a35
1750023104201 32.0 0 a46da0974f0e403dba3d89fff2075a35
1750023150251 86.0 0 a46da0974f0e403dba3d89fff2075a35
1750022959635 50.0 0 a46da0974f0e403dba3d89fff2075a35
1750022959635 50.0 0 a46da0974f0e403dba3d89fff2075a35
1750022959635 50.0 0 a46da0974f0e403dba3d89fff2075a35
1750022959635 50.0 0 a46da0974f0e403dba3d89fff2075a35
1750022959635 50.0 0 a46da0974f0e403dba3d89fff2075a35
1750022959635 50.0 0 a46da0974f0e403dba3d89fff2075a35
1750022959635 50.0 0 a46da0974f0e403dba3d89fff2075a35
1750022959635 50.0 0 a46da0974f0e403dba3d89fff2075a35
1750023104201 32.0 0 a46da0974f0e403dba3d89fff2075a35
1750022959635 50.0 0 a46da0974f0e403dba3d89fff2075a35
1750022959635 50.0 0 a46da0974f0e403dba3d89fff2075a35
1750022959635 50.0 0 a46da0974f0e403dba3d89fff2075a35
1750022959635 50.0 0 a46da0974f0e403dba3d89fff2075a35
1750022959635 50.0 0 a46da0974f0e403dba3d89fff2075a35
1750022959635 50.0 0 a46da0974f0e403dba3d89fff2075a35
1750022959635 50.0 0 a46da0974f0e403dba3d89fff2075a35
1750022959635 50.0 0 a46da0974f0e403dba3d89fff2075a35
1750023104201 32.0 0 a46da0974f0e403dba3d89fff2075a35
1750023150251 86.0 0 a46da0974f0e403dba3d89fff2075a35
1750023295477 82.0 0 a46da0974f0e403dba3d89fff2075a35
