1750022931978 205021.9375 0
1750022932299 204240.890625 1
1750022932586 203273.40625 2
1750022932964 201730.453125 3
1750022933247 198919.875 4
1750022933575 193973.03125 5
1750022933913 186270.46875 6
1750022934280 173580.859375 7
1750022934606 155123.453125 8
1750022934958 128832.203125 9
1750022935279 96033.8671875 10
1750022935571 61235.0625 11
1750022935916 34839.62890625 12
1750022936172 26918.96875 13
1750022936490 27529.384765625 14
1750022936735 24783.43359375 15
1750022936976 21243.677734375 16
1750022937222 22141.474609375 17
1750022937473 20801.8671875 18
1750022937731 18540.0703125 19
1750022938115 15717.3525390625 20
1750022938349 16801.3984375 21
1750022938753 15801.1806640625 22
1750022939233 17065.568359375 23
1750022939484 16511.017578125 24
1750022939738 15198.5615234375 25
1750022940005 15266.125 26
1750022940230 13283.3193359375 27
1750022940468 14435.8203125 28
1750022940674 14683.99609375 29
1750022940984 13546.2724609375 30
1750022941268 13033.1455078125 31
1750022941554 11753.931640625 32
1750022941815 11872.5927734375 33
1750022942110 11730.08984375 34
1750022942369 12275.3486328125 35
1750022942635 11396.7880859375 36
1750022942902 11203.4033203125 37
1750022943095 12199.6572265625 38
1750022943324 11308.8369140625 39
1750022943585 11440.3017578125 40
1750022943855 10257.427734375 41
1750022944075 11538.2646484375 42
1750022944291 11293.1484375 43
1750022944510 11834.755859375 44
1750022944791 11262.828125 45
1750022945018 10078.9921875 46
1750022945238 11058.658203125 47
1750022945399 11581.0419921875 48
1750022945622 10649.3330078125 49
1750022945865 10156.07421875 50
1750022946215 11295.4326171875 51
1750022946384 10677.42578125 52
1750022946596 10836.0673828125 53
1750022946821 9619.1181640625 54
1750022947019 9168.3583984375 55
1750022931978 205021.9375 0
1750022959646 10156.07421875 56
1750022962651 205356.859375 0
1750022962939 204950.734375 1
1750022963301 204853.109375 2
1750022963594 204556.1875 3
1750022964008 204216.15625 4
1750022964466 204019.3125 5
1750022964871 203426.203125 6
1750022965251 203120.484375 7
1750022965923 202485.765625 8
1750022966243 201980.0 9
1750022966569 200998.15625 10
1750022966831 200216.859375 11
1750022967153 199363.921875 12
1750022967412 198611.28125 13
1750022967685 196983.3125 14
1750022968041 195911.46875 15
1750022968336 194503.109375 16
1750022968626 193293.859375 17
1750022968850 191787.8125 18
1750022969182 190271.578125 19
1750022969427 189350.734375 20
1750022969665 188697.265625 21
1750022969936 187665.25 22
1750022970205 187146.296875 23
1750022970460 186620.734375 24
1750022970729 185927.609375 25
1750022971000 185624.734375 26
1750022971263 184758.578125 27
1750022971549 184175.28125 28
1750022971835 183743.046875 29
1750022972140 182888.140625 30
1750022972406 182688.234375 31
1750022972743 182219.625 32
1750022973019 181249.3125 33
1750022973670 181160.1875 34
1750022974034 180437.484375 35
1750022974359 180298.171875 36
1750022974747 179908.703125 37
1750022975099 179275.203125 38
1750022975489 178821.984375 39
1750022975785 178457.265625 40
1750022976088 177631.65625 41
1750022976402 177353.65625 42
1750022976603 176926.03125 43
1750022976836 176235.46875 44
1750022977169 175907.78125 45
1750022977419 175456.140625 46
1750022977689 174977.75 47
1750022977936 174452.3125 48
1750022978202 174081.96875 49
1750022978693 173731.765625 50
1750022978999 173252.859375 51
1750022979270 172652.859375 52
1750022979610 172247.421875 53
1750022979981 172279.53125 54
1750022980354 171425.234375 55
1750022980778 170777.859375 56
1750022981167 170668.34375 57
1750022981499 170326.078125 58
1750022981850 169630.90625 59
1750022982213 169590.234375 60
1750022982534 168850.15625 61
1750022982852 169121.875 62
1750022983184 168323.90625 63
1750022983574 168125.859375 64
1750022983934 167603.875 65
1750022984480 167332.96875 66
1750022984916 166822.59375 67
1750022985693 166558.25 68
1750022986287 165670.28125 69
1750022986867 164957.515625 70
1750022987380 165079.125 71
1750022987741 164313.234375 72
1750022988312 164432.828125 73
1750022988662 163807.078125 74
1750022989035 163552.34375 75
1750022989317 162922.375 76
1750022989586 162424.265625 77
1750022989866 162493.015625 78
1750022990179 162075.78125 79
1750022990463 160673.125 80
1750022990812 161499.640625 81
1750022991200 161260.203125 82
1750022991567 160306.125 83
1750022991847 159472.46875 84
1750022992118 160449.90625 85
1750022992474 159207.71875 86
1750022992750 159500.78125 87
1750022993081 158418.046875 88
1750022993334 158320.765625 89
1750022993616 157850.484375 90
1750022994000 157145.9375 91
1750022994342 156675.3125 92
1750022994752 156191.953125 93
1750022995236 156770.890625 94
1750022995711 155593.34375 95
1750022996245 155019.09375 96
1750022996744 155271.34375 97
1750022997265 155251.109375 98
1750022997720 154366.0 99
1750022931978 205021.9375 0
1750022931978 205021.9375 0
1750022962651 205356.859375 0
1750023019386 204689.765625 0
1750023019386 204689.765625 0
1750023019779 203770.984375 1
1750023020094 202919.171875 2
1750023020435 202098.453125 3
1750023020804 201287.546875 4
1750023021458 200147.0 5
1750023021852 199154.421875 6
1750023022309 198020.53125 7
1750023022822 196969.765625 8
1750023023390 196198.390625 9
1750023023978 195247.6875 10
1750023024394 194171.65625 11
1750023024895 193218.65625 12
1750023025462 192173.859375 13
1750023025896 191377.890625 14
1750023026316 190720.140625 15
1750023026660 190237.234375 16
1750023027028 189720.5625 17
1750023027357 189400.25 18
1750023027689 188965.484375 19
1750023028028 188507.171875 20
1750023028360 188070.03125 21
1750023028898 187553.328125 22
1750023029565 187135.90625 23
1750023030588 186800.125 24
1750023031245 186471.390625 25
1750023031753 185983.734375 26
1750023032385 185520.03125 27
1750023032855 185248.578125 28
1750023033342 184780.921875 29
1750023033844 184374.1875 30
1750023034262 184011.265625 31
1750023034616 183630.484375 32
1750023035063 182986.671875 33
1750023035756 182703.890625 34
1750023036284 182315.5625 35
1750023036794 181807.6875 36
1750023037483 181467.578125 37
1750023038226 180997.796875 38
1750023038777 180719.5625 39
1750023039198 180268.921875 40
1750023039730 180011.546875 41
1750023040140 179443.796875 42
1750023040514 179249.21875 43
1750023040921 178672.140625 44
1750023041351 178314.515625 45
1750023041896 177991.109375 46
1750023042494 177621.84375 47
1750023043024 177194.578125 48
1750023043565 176627.296875 49
1750023044392 176348.765625 50
1750023045341 176045.515625 51
1750023045955 175531.5625 52
1750023046246 175217.234375 53
1750023046545 174847.875 54
1750023046922 174335.078125 55
1750023047258 173899.0625 56
1750023047576 173569.8125 57
1750023048177 173200.421875 58
1750023048517 172881.0625 59
1750023048818 172546.234375 60
1750023049110 171985.609375 61
1750023049429 171572.328125 62
1750023049742 171266.265625 63
1750023050022 170770.421875 64
1750023050306 170496.828125 65
1750023050574 170112.65625 66
1750023050856 169590.921875 67
1750023051140 169328.828125 68
1750023051416 168850.125 69
1750023051708 168646.328125 70
1750023052124 168170.546875 71
1750023052538 167601.9375 72
1750023052876 167696.59375 73
1750023053345 167074.84375 74
1750023053657 166739.296875 75
1750023054037 166402.1875 76
1750023054382 165929.828125 77
1750023054658 165527.875 78
1750023055043 165221.046875 79
1750023055409 164897.0625 80
1750023055803 164288.328125 81
1750023056147 163925.046875 82
1750023056744 163466.984375 83
1750023057047 163193.96875 84
1750023057324 162902.15625 85
1750023057640 162492.96875 86
1750023057972 162242.6875 87
1750023058308 161761.78125 88
1750023058606 161309.859375 89
1750023058926 160836.9375 90
1750023059247 160830.4375 91
1750023059594 160362.015625 92
1750023060011 159743.8125 93
1750023060398 159690.453125 94
1750023060815 159398.15625 95
1750023061154 158635.21875 96
1750023061576 158539.0625 97
1750023061984 157915.921875 98
1750023062322 157669.515625 99
1750022931978 205021.9375 0
1750022931978 205021.9375 0
1750022962651 205356.859375 0
1750022931978 205021.9375 0
1750022931978 205021.9375 0
1750022962651 205356.859375 0
1750023019386 204689.765625 0
1750023019386 204689.765625 0
1750023076519 205230.546875 0
1750023076519 205230.546875 0
1750023076519 205230.546875 0
1750023076875 204616.46875 1
1750023077248 203942.515625 2
1750023077586 203004.921875 3
1750023077936 201467.671875 4
1750023078322 199257.421875 5
1750023078706 195185.3125 6
1750023079109 188210.9375 7
1750023079503 176518.296875 8
1750023079853 160443.265625 9
1750023080227 136725.015625 10
1750023080607 104823.875 11
1750023081019 72867.71875 12
1750023081421 46451.890625 13
1750023081789 30876.20703125 14
1750023082162 35331.0625 15
1750023082560 32197.673828125 16
1750023083153 33961.59765625 17
1750023083445 27067.44921875 18
1750023083775 24534.1640625 19
1750023084243 26560.46875 20
1750023084621 27933.15625 21
1750023084958 26309.61328125 22
1750023085348 22882.51953125 23
1750023085657 26749.31640625 24
1750023085922 22369.310546875 25
1750023086255 22110.046875 26
1750023086613 20958.92578125 27
1750023086936 25787.29296875 28
1750023087236 26110.94140625 29
1750023087499 20885.759765625 30
1750023087809 18482.189453125 31
1750023088117 18142.041015625 32
1750023088505 25612.97265625 33
1750023088822 20236.53125 34
1750023089186 22617.640625 35
1750023089524 22364.078125 36
1750023089898 19062.619140625 37
1750022931978 205021.9375 0
1750022931978 205021.9375 0
1750022962651 205356.859375 0
1750022931978 205021.9375 0
1750022931978 205021.9375 0
1750022962651 205356.859375 0
1750023019386 204689.765625 0
1750023019386 204689.765625 0
1750022931978 205021.9375 0
1750022931978 205021.9375 0
1750022962651 205356.859375 0
1750022931978 205021.9375 0
1750022931978 205021.9375 0
1750022962651 205356.859375 0
1750023019386 204689.765625 0
1750023019386 204689.765625 0
1750023076519 205230.546875 0
1750023076519 205230.546875 0
1750023076519 205230.546875 0
1750023104256 18142.041015625 38
1750023106834 204684.921875 0
1750023106834 204684.921875 0
1750023106834 204684.921875 0
1750023106834 204684.921875 0
1750023107233 203088.4375 1
1750023107606 200488.03125 2
1750023108003 196398.265625 3
1750023108406 189851.46875 4
1750023108912 181573.734375 5
1750023109402 170408.203125 6
1750023109890 154673.515625 7
1750023110290 135141.5625 8
1750023110771 114901.3359375 9
1750023111266 93584.0 10
1750023111650 74958.625 11
1750023112108 55426.08984375 12
1750023112527 43003.94921875 13
1750023112897 34774.54296875 14
1750023113390 29337.75390625 15
1750023113760 25755.85546875 16
1750023114357 26983.69921875 17
1750023114831 24619.26953125 18
1750023115233 20951.986328125 19
1750023115575 23288.064453125 20
1750023115953 23187.06640625 21
1750023116318 23968.11328125 22
1750023116630 19235.314453125 23
1750023116998 16642.44921875 24
1750023117497 16238.2109375 25
1750023117989 17344.837890625 26
1750023118432 18989.55859375 27
1750023118751 14740.8603515625 28
1750023119423 16695.7421875 29
1750023119759 14546.771484375 30
1750023120140 15140.068359375 31
1750023120492 15750.8173828125 32
1750023120853 12977.8330078125 33
1750023121195 13112.841796875 34
1750023121539 12507.4365234375 35
1750023122109 12723.869140625 36
1750023122501 13810.2529296875 37
1750023122870 12125.8701171875 38
1750023123198 12384.8427734375 39
1750023123522 12686.3662109375 40
1750023123870 11922.7119140625 41
1750023124209 14253.376953125 42
1750023124518 14091.27734375 43
1750023125166 12457.3173828125 44
1750023125513 12970.7607421875 45
1750023125859 10278.125 46
1750023126188 11880.2353515625 47
1750023126469 11786.658203125 48
1750023126962 11749.513671875 49
1750023127317 11012.6240234375 50
1750023128031 12506.8505859375 51
1750023128398 12013.994140625 52
1750023128740 11722.1787109375 53
1750023129098 11327.765625 54
1750023129506 12085.26171875 55
1750023129824 11708.892578125 56
1750023130124 9827.955078125 57
1750023130500 12145.0400390625 58
1750023130818 11042.990234375 59
1750023131120 9674.1015625 60
1750023131419 10737.7529296875 61
1750023131758 8349.2265625 62
1750023132051 9247.6748046875 63
1750023132335 10227.625 64
1750023132856 10003.4375 65
1750023133178 11480.673828125 66
1750023133508 11231.3486328125 67
1750023133878 10295.6533203125 68
1750023134216 9126.4765625 69
1750023134515 11664.4326171875 70
1750023134863 9595.1552734375 71
1750023135216 9032.958984375 72
1750023135523 10082.7265625 73
1750023135845 10247.4990234375 74
1750023136246 9844.5234375 75
1750023136536 9416.7421875 76
1750023136863 9074.8515625 77
1750023137179 8164.28369140625 78
1750023137511 9626.9326171875 79
1750023138030 9326.9013671875 80
1750023138329 9926.4580078125 81
1750023138661 10043.5869140625 82
1750023139002 7540.27685546875 83
1750023139306 9966.623046875 84
1750023139668 10844.7529296875 85
1750023140018 9500.40234375 86
1750023140338 7932.46728515625 87
1750023140644 8613.7958984375 88
1750023140935 8295.6416015625 89
1750023141261 8916.7724609375 90
1750023141581 8743.767578125 91
1750022931978 205021.9375 0
1750022931978 205021.9375 0
1750022962651 205356.859375 0
1750022931978 205021.9375 0
1750022931978 205021.9375 0
1750022962651 205356.859375 0
1750023019386 204689.765625 0
1750023019386 204689.765625 0
1750022931978 205021.9375 0
1750022931978 205021.9375 0
1750022962651 205356.859375 0
1750022931978 205021.9375 0
1750022931978 205021.9375 0
1750022962651 205356.859375 0
1750023019386 204689.765625 0
1750023019386 204689.765625 0
1750023076519 205230.546875 0
1750023076519 205230.546875 0
1750023076519 205230.546875 0
1750022931978 205021.9375 0
1750022931978 205021.9375 0
1750022962651 205356.859375 0
1750022931978 205021.9375 0
1750022931978 205021.9375 0
1750022962651 205356.859375 0
1750023019386 204689.765625 0
1750023019386 204689.765625 0
1750022931978 205021.9375 0
1750022931978 205021.9375 0
1750022962651 205356.859375 0
1750022931978 205021.9375 0
1750022931978 205021.9375 0
1750022962651 205356.859375 0
1750023019386 204689.765625 0
1750023019386 204689.765625 0
1750023076519 205230.546875 0
1750023076519 205230.546875 0
1750023076519 205230.546875 0
1750023106834 204684.921875 0
1750023106834 204684.921875 0
1750023106834 204684.921875 0
1750023106834 204684.921875 0
1750023150553 9500.40234375 92
1750023152578 204946.015625 0
1750023152578 204946.015625 0
1750023152578 204946.015625 0
1750023152578 204946.015625 0
1750023152578 204946.015625 0
1750023153010 204229.515625 1
1750023153481 203585.859375 2
1750023153941 202969.578125 3
1750023154611 202225.515625 4
1750023155040 201488.671875 5
1750023155461 200738.09375 6
1750023155899 199799.6875 7
1750023156535 198911.578125 8
1750023156962 198179.640625 9
1750023157610 197263.90625 10
1750023158043 196251.453125 11
1750023158473 195472.921875 12
1750023159098 194668.3125 13
1750023159542 193929.65625 14
1750023159977 192795.390625 15
1750023160431 192093.671875 16
1750023161072 190776.625 17
1750023161485 190460.0625 18
1750023161909 189715.34375 19
1750023162336 188985.3125 20
1750023162790 188694.703125 21
1750023163427 188127.1875 22
1750023163865 187570.421875 23
1750023164294 187291.359375 24
1750023164711 186945.6875 25
1750023165147 186447.375 26
1750023165832 186249.546875 27
1750023166284 185601.25 28
1750023166715 185319.734375 29
1750023167161 184640.84375 30
1750023167803 184457.421875 31
1750023168362 184043.46875 32
1750023169033 183513.28125 33
1750023169564 183111.875 34
1750023170375 182667.5625 35
1750023171288 182307.71875 36
1750023171908 181993.0 37
1750023172627 181694.078125 38
1750023173226 181196.96875 39
1750023174181 180596.546875 40
1750023174971 180293.953125 41
1750023176085 179917.6875 42
1750023176909 179547.984375 43
1750023177687 179234.25 44
1750023178139 178575.875 45
1750023178575 178306.828125 46
1750023179161 178021.578125 47
1750023179880 177739.875 48
1750023180325 177194.3125 49
1750023180762 176767.828125 50
1750023181203 176833.96875 51
1750023181644 176171.40625 52
1750023182449 175772.515625 53
1750023182898 175272.609375 54
1750023183509 174942.65625 55
1750023183976 174499.625 56
1750023184621 174292.265625 57
1750023185055 173497.40625 58
1750023185524 173440.28125 59
1750023185976 172782.390625 60
1750023186664 172434.34375 61
1750023187096 172139.046875 62
1750023187536 171650.03125 63
1750023188015 171517.3125 64
1750023188640 171330.171875 65
1750023189084 170973.984375 66
1750023189532 170011.421875 67
1750023189967 169893.21875 68
1750023190638 170072.515625 69
1750023191071 168978.953125 70
1750023191510 168626.71875 71
1750023191952 168537.671875 72
1750023192611 167899.21875 73
1750023193059 167508.265625 74
1750023193469 167013.328125 75
1750023193876 166517.234375 76
1750023194296 166483.90625 77
1750023194923 165924.046875 78
1750023195351 165725.890625 79
1750023195781 165268.609375 80
1750023196235 165037.875 81
1750023196830 164496.875 82
1750023197260 164145.46875 83
1750023197693 163721.296875 84
1750023198183 163479.9375 85
1750023198828 163180.828125 86
1750023199269 162521.71875 87
1750023199712 162419.71875 88
1750023200154 162233.171875 89
1750023200799 161753.265625 90
1750023201233 160743.890625 91
1750023201656 161186.609375 92
1750023202092 160602.0625 93
1750023202705 160174.09375 94
1750023203175 159614.4375 95
1750023203594 159528.59375 96
1750023204033 158905.984375 97
1750023204656 158285.5625 98
1750023205080 157871.328125 99
1750022931978 205021.9375 0
1750022931978 205021.9375 0
1750022962651 205356.859375 0
1750022931978 205021.9375 0
1750022931978 205021.9375 0
1750022962651 205356.859375 0
1750023019386 204689.765625 0
1750023019386 204689.765625 0
1750022931978 205021.9375 0
1750022931978 205021.9375 0
1750022962651 205356.859375 0
1750022931978 205021.9375 0
1750022931978 205021.9375 0
1750022962651 205356.859375 0
1750023019386 204689.765625 0
1750023019386 204689.765625 0
1750023076519 205230.546875 0
1750023076519 205230.546875 0
1750023076519 205230.546875 0
1750022931978 205021.9375 0
1750022931978 205021.9375 0
1750022962651 205356.859375 0
1750022931978 205021.9375 0
1750022931978 205021.9375 0
1750022962651 205356.859375 0
1750023019386 204689.765625 0
1750023019386 204689.765625 0
1750022931978 205021.9375 0
1750022931978 205021.9375 0
1750022962651 205356.859375 0
1750022931978 205021.9375 0
1750022931978 205021.9375 0
1750022962651 205356.859375 0
1750023019386 204689.765625 0
1750023019386 204689.765625 0
1750023076519 205230.546875 0
1750023076519 205230.546875 0
1750023076519 205230.546875 0
1750023106834 204684.921875 0
1750023106834 204684.921875 0
1750023106834 204684.921875 0
1750023106834 204684.921875 0
1750022931978 205021.9375 0
1750022931978 205021.9375 0
1750022962651 205356.859375 0
1750022931978 205021.9375 0
1750022931978 205021.9375 0
1750022962651 205356.859375 0
1750023019386 204689.765625 0
1750023019386 204689.765625 0
1750022931978 205021.9375 0
1750022931978 205021.9375 0
1750022962651 205356.859375 0
1750022931978 205021.9375 0
1750022931978 205021.9375 0
1750022962651 205356.859375 0
1750023019386 204689.765625 0
1750023019386 204689.765625 0
1750023076519 205230.546875 0
1750023076519 205230.546875 0
1750023076519 205230.546875 0
1750022931978 205021.9375 0
1750022931978 205021.9375 0
1750022962651 205356.859375 0
1750022931978 205021.9375 0
1750022931978 205021.9375 0
1750022962651 205356.859375 0
1750023019386 204689.765625 0
1750023019386 204689.765625 0
1750022931978 205021.9375 0
1750022931978 205021.9375 0
1750022962651 205356.859375 0
1750022931978 205021.9375 0
1750022931978 205021.9375 0
1750022962651 205356.859375 0
1750023019386 204689.765625 0
1750023019386 204689.765625 0
1750023076519 205230.546875 0
1750023076519 205230.546875 0
1750023076519 205230.546875 0
1750023106834 204684.921875 0
1750023106834 204684.921875 0
1750023106834 204684.921875 0
1750023106834 204684.921875 0
1750023152578 204946.015625 0
1750023152578 204946.015625 0
1750023152578 204946.015625 0
1750023152578 204946.015625 0
1750023152578 204946.015625 0
1750023218466 205037.9375 0
1750023218466 205037.9375 0
1750023218466 205037.9375 0
1750023218466 205037.9375 0
1750023218466 205037.9375 0
1750023218466 205037.9375 0
1750023219290 204155.65625 1
1750023219883 202936.84375 2
1750023220664 200805.703125 3
1750023221258 197516.1875 4
1750023222046 191864.03125 5
1750023222846 182456.546875 6
1750023223445 168416.34375 7
1750023224208 148600.703125 8
1750023224772 120766.359375 9
1750023225551 87915.984375 10
1750023226169 56896.16015625 11
1750023226932 32754.708984375 12
1750023227703 25355.21875 13
1750023228295 23385.521484375 14
1750023229103 20755.46875 15
1750023229746 17746.271484375 16
1750023230536 16902.6953125 17
1750023231314 14761.486328125 18
1750023231902 13316.271484375 19
1750023232690 12496.6396484375 20
1750023233323 12183.0927734375 21
1750023234094 11713.9921875 22
1750023234682 10247.2421875 23
1750023235472 10482.0458984375 24
1750023236269 9096.55078125 25
1750023236913 10001.25 26
1750023237714 8540.4169921875 27
1750023238304 8586.095703125 28
1750023239107 8415.189453125 29
1750023239895 7966.056640625 30
1750023240515 7665.1142578125 31
1750023241301 6822.2470703125 32
1750023241905 7797.88525390625 33
1750023242704 6774.29248046875 34
1750023243306 6899.5966796875 35
1750023244123 6488.7216796875 36
1750023244930 6945.8896484375 37
1750023245518 6784.19091796875 38
1750023246322 6326.09423828125 39
1750023246933 6283.650390625 40
1750023247790 6277.0986328125 41
1750023248635 5541.97412109375 42
1750023249231 5231.65185546875 43
1750023250019 5828.01806640625 44
1750023250618 5978.36474609375 45
1750023251468 6148.18115234375 46
1750023252243 5140.30126953125 47
1750023252868 5518.9482421875 48
1750023253661 5219.45654296875 49
1750023254263 6472.45703125 50
1750023255051 5655.857421875 51
1750023255831 5418.42626953125 52
1750023256432 5413.37744140625 53
1750023257222 5110.3330078125 54
1750023257830 5673.17578125 55
1750023258684 5832.9560546875 56
1750023259435 5328.41015625 57
1750023260042 4833.03515625 58
1750023260838 5239.56640625 59
1750023261899 4791.81591796875 60
1750023262650 4943.79296875 61
1750023263248 4859.48681640625 62
1750023264067 4947.45458984375 63
1750023264867 5545.30810546875 64
1750023265428 4944.07421875 65
1750023266244 4869.70458984375 66
1750023266836 5763.3095703125 67
1750023267660 4863.5107421875 68
1750023268476 4830.14306640625 69
1750023269014 5001.16015625 70
1750023269742 4573.4296875 71
1750023270297 4663.88037109375 72
1750023271015 4725.93017578125 73
1750023271832 4572.1953125 74
1750023272431 4789.54638671875 75
1750023273214 4923.7041015625 76
1750023273775 5117.154296875 77
1750023274520 5272.4755859375 78
1750023275245 4410.51123046875 79
1750023275821 4613.49951171875 80
1750023276652 5138.14697265625 81
1750023277451 4745.25390625 82
1750023278060 4751.1640625 83
1750023278811 4369.564453125 84
1750023279377 4846.8056640625 85
1750023280134 4343.86962890625 86
1750023280871 4511.5 87
1750022931978 205021.9375 0
1750022931978 205021.9375 0
1750022962651 205356.859375 0
1750022931978 205021.9375 0
1750022931978 205021.9375 0
1750022962651 205356.859375 0
1750023019386 204689.765625 0
1750023019386 204689.765625 0
1750022931978 205021.9375 0
1750022931978 205021.9375 0
1750022962651 205356.859375 0
1750022931978 205021.9375 0
1750022931978 205021.9375 0
1750022962651 205356.859375 0
1750023019386 204689.765625 0
1750023019386 204689.765625 0
1750023076519 205230.546875 0
1750023076519 205230.546875 0
1750023076519 205230.546875 0
1750022931978 205021.9375 0
1750022931978 205021.9375 0
1750022962651 205356.859375 0
1750022931978 205021.9375 0
1750022931978 205021.9375 0
1750022962651 205356.859375 0
1750023019386 204689.765625 0
1750023019386 204689.765625 0
1750022931978 205021.9375 0
1750022931978 205021.9375 0
1750022962651 205356.859375 0
1750022931978 205021.9375 0
1750022931978 205021.9375 0
1750022962651 205356.859375 0
1750023019386 204689.765625 0
1750023019386 204689.765625 0
1750023076519 205230.546875 0
1750023076519 205230.546875 0
1750023076519 205230.546875 0
1750023106834 204684.921875 0
1750023106834 204684.921875 0
1750023106834 204684.921875 0
1750023106834 204684.921875 0
1750022931978 205021.9375 0
1750022931978 205021.9375 0
1750022962651 205356.859375 0
1750022931978 205021.9375 0
1750022931978 205021.9375 0
1750022962651 205356.859375 0
1750023019386 204689.765625 0
1750023019386 204689.765625 0
1750022931978 205021.9375 0
1750022931978 205021.9375 0
1750022962651 205356.859375 0
1750022931978 205021.9375 0
1750022931978 205021.9375 0
1750022962651 205356.859375 0
1750023019386 204689.765625 0
1750023019386 204689.765625 0
1750023076519 205230.546875 0
1750023076519 205230.546875 0
1750023076519 205230.546875 0
1750022931978 205021.9375 0
1750022931978 205021.9375 0
1750022962651 205356.859375 0
1750022931978 205021.9375 0
1750022931978 205021.9375 0
1750022962651 205356.859375 0
1750023019386 204689.765625 0
1750023019386 204689.765625 0
1750022931978 205021.9375 0
1750022931978 205021.9375 0
1750022962651 205356.859375 0
1750022931978 205021.9375 0
1750022931978 205021.9375 0
1750022962651 205356.859375 0
1750023019386 204689.765625 0
1750023019386 204689.765625 0
1750023076519 205230.546875 0
1750023076519 205230.546875 0
1750023076519 205230.546875 0
1750023106834 204684.921875 0
1750023106834 204684.921875 0
1750023106834 204684.921875 0
1750023106834 204684.921875 0
1750023152578 204946.015625 0
1750023152578 204946.015625 0
1750023152578 204946.015625 0
1750023152578 204946.015625 0
1750023152578 204946.015625 0
1750022931978 205021.9375 0
1750022931978 205021.9375 0
1750022962651 205356.859375 0
1750022931978 205021.9375 0
1750022931978 205021.9375 0
1750022962651 205356.859375 0
1750023019386 204689.765625 0
1750023019386 204689.765625 0
1750022931978 205021.9375 0
1750022931978 205021.9375 0
1750022962651 205356.859375 0
1750022931978 205021.9375 0
1750022931978 205021.9375 0
1750022962651 205356.859375 0
1750023019386 204689.765625 0
1750023019386 204689.765625 0
1750023076519 205230.546875 0
1750023076519 205230.546875 0
1750023076519 205230.546875 0
1750022931978 205021.9375 0
1750022931978 205021.9375 0
1750022962651 205356.859375 0
1750022931978 205021.9375 0
1750022931978 205021.9375 0
1750022962651 205356.859375 0
1750023019386 204689.765625 0
1750023019386 204689.765625 0
1750022931978 205021.9375 0
1750022931978 205021.9375 0
1750022962651 205356.859375 0
1750022931978 205021.9375 0
1750022931978 205021.9375 0
1750022962651 205356.859375 0
1750023019386 204689.765625 0
1750023019386 204689.765625 0
1750023076519 205230.546875 0
1750023076519 205230.546875 0
1750023076519 205230.546875 0
1750023106834 204684.921875 0
1750023106834 204684.921875 0
1750023106834 204684.921875 0
1750023106834 204684.921875 0
1750022931978 205021.9375 0
1750022931978 205021.9375 0
1750022962651 205356.859375 0
1750022931978 205021.9375 0
1750022931978 205021.9375 0
1750022962651 205356.859375 0
1750023019386 204689.765625 0
1750023019386 204689.765625 0
1750022931978 205021.9375 0
1750022931978 205021.9375 0
1750022962651 205356.859375 0
1750022931978 205021.9375 0
1750022931978 205021.9375 0
1750022962651 205356.859375 0
1750023019386 204689.765625 0
1750023019386 204689.765625 0
1750023076519 205230.546875 0
1750023076519 205230.546875 0
1750023076519 205230.546875 0
1750022931978 205021.9375 0
1750022931978 205021.9375 0
1750022962651 205356.859375 0
1750022931978 205021.9375 0
1750022931978 205021.9375 0
1750022962651 205356.859375 0
1750023019386 204689.765625 0
1750023019386 204689.765625 0
1750022931978 205021.9375 0
1750022931978 205021.9375 0
1750022962651 205356.859375 0
1750022931978 205021.9375 0
1750022931978 205021.9375 0
1750022962651 205356.859375 0
1750023019386 204689.765625 0
1750023019386 204689.765625 0
1750023076519 205230.546875 0
1750023076519 205230.546875 0
1750023076519 205230.546875 0
1750023106834 204684.921875 0
1750023106834 204684.921875 0
1750023106834 204684.921875 0
1750023106834 204684.921875 0
1750023152578 204946.015625 0
1750023152578 204946.015625 0
1750023152578 204946.015625 0
1750023152578 204946.015625 0
1750023152578 204946.015625 0
1750023218466 205037.9375 0
1750023218466 205037.9375 0
1750023218466 205037.9375 0
1750023218466 205037.9375 0
1750023218466 205037.9375 0
1750023218466 205037.9375 0
1750023295890 4745.25390625 88
1750023298449 204938.828125 0
1750023298449 204938.828125 0
1750023298449 204938.828125 0
1750023298449 204938.828125 0
1750023298449 204938.828125 0
1750023298449 204938.828125 0
1750023298449 204938.828125 0
1750023299967 204386.953125 1
1750023301121 203832.484375 2
1750023302263 203210.546875 3
1750023303404 202527.65625 4
1750023304831 201892.90625 5
1750023305994 201135.65625 6
1750023307195 200221.046875 7
1750023308560 199126.875 8
1750023309745 198106.09375 9
1750023310887 196943.25 10
1750023312043 195912.90625 11
1750023313484 194745.34375 12
1750023314634 193696.09375 13
1750023315790 192363.640625 14
1750023317135 191005.265625 15
1750023318306 190101.421875 16
1750023319476 189178.09375 17
1750023320725 188430.734375 18
1750023322090 187859.71875 19
1750023323295 187333.0625 20
1750023324490 186799.4375 21
1750023325843 186193.46875 22
1750023326991 185641.421875 23
1750023328196 185098.546875 24
1750023329382 184433.21875 25
1750023330745 184107.578125 26
1750023331906 183609.234375 27
1750023333134 183179.796875 28
1750023334553 182529.421875 29
1750023335777 182086.25 30
1750023336954 181542.546875 31
1750023338378 181132.453125 32
1750023339601 180818.375 33
1750023340830 180207.78125 34
1750023342068 179794.015625 35
1750023343447 179266.703125 36
1750023344595 178691.40625 37
1750023345741 178479.4375 38
1750023347072 177891.265625 39
1750023348351 177541.6875 40
1750023349518 176976.0 41
1750023350839 176708.390625 42
1750023351977 176200.796875 43
1750023353176 175825.421875 44
1750023354355 175215.296875 45
1750023355722 174873.5625 46
1750023356896 174571.984375 47
1750023358074 174014.671875 48
1750023359421 173724.953125 49
1750023360724 173126.25 50
1750023361922 172887.484375 51
1750023363080 172138.578125 52
1750023364434 171760.265625 53
1750023365597 171509.453125 54
1750023366804 170966.328125 55
1750023368142 170854.125 56
1750023369279 170312.234375 57
1750023370471 169789.46875 58
1750023371800 169505.09375 59
1750023372991 169017.328125 60
1750023374155 168675.421875 61
1750023375400 168245.015625 62
1750023376755 167951.90625 63
1750023377926 167513.625 64
1750023379116 167273.453125 65
1750023380501 166774.796875 66
1750023381675 166377.453125 67
1750023382846 165940.078125 68
1750023384246 165577.828125 69
1750023385416 165157.625 70
1750023386563 165038.84375 71
1750023387725 164523.078125 72
1750023389130 163835.171875 73
1750023390316 163531.796875 74
1750023391455 163088.515625 75
1750023392649 162959.09375 76
1750023394010 162516.0625 77
1750023395171 162077.65625 78
1750023396310 161534.890625 79
1750023397461 161277.765625 80
1750023398847 160998.421875 81
1750023400088 160554.328125 82
1750023401319 160223.796875 83
1750023402667 159881.234375 84
1750023403881 159611.46875 85
1750023405130 159185.109375 86
1750023406518 158654.25 87
1750023407775 158367.296875 88
1750023409054 157902.28125 89
1750023410485 157722.65625 90
1750023411718 157168.171875 91
1750023413004 156805.828125 92
1750023414408 156489.75 93
1750023415620 156107.0625 94
1750023416815 155960.96875 95
1750023418268 155506.328125 96
1750023419482 155077.8125 97
1750023420699 154698.78125 98
1750023422116 154323.0625 99
1750022931978 205021.9375 0
1750022931978 205021.9375 0
1750022962651 205356.859375 0
1750022931978 205021.9375 0
1750022931978 205021.9375 0
1750022962651 205356.859375 0
1750023019386 204689.765625 0
1750023019386 204689.765625 0
1750022931978 205021.9375 0
1750022931978 205021.9375 0
1750022962651 205356.859375 0
1750022931978 205021.9375 0
1750022931978 205021.9375 0
1750022962651 205356.859375 0
1750023019386 204689.765625 0
1750023019386 204689.765625 0
1750023076519 205230.546875 0
1750023076519 205230.546875 0
1750023076519 205230.546875 0
1750022931978 205021.9375 0
1750022931978 205021.9375 0
1750022962651 205356.859375 0
1750022931978 205021.9375 0
1750022931978 205021.9375 0
1750022962651 205356.859375 0
1750023019386 204689.765625 0
1750023019386 204689.765625 0
1750022931978 205021.9375 0
1750022931978 205021.9375 0
1750022962651 205356.859375 0
1750022931978 205021.9375 0
1750022931978 205021.9375 0
1750022962651 205356.859375 0
1750023019386 204689.765625 0
1750023019386 204689.765625 0
1750023076519 205230.546875 0
1750023076519 205230.546875 0
1750023076519 205230.546875 0
1750023106834 204684.921875 0
1750023106834 204684.921875 0
1750023106834 204684.921875 0
1750023106834 204684.921875 0
1750022931978 205021.9375 0
1750022931978 205021.9375 0
1750022962651 205356.859375 0
1750022931978 205021.9375 0
1750022931978 205021.9375 0
1750022962651 205356.859375 0
1750023019386 204689.765625 0
1750023019386 204689.765625 0
1750022931978 205021.9375 0
1750022931978 205021.9375 0
1750022962651 205356.859375 0
1750022931978 205021.9375 0
1750022931978 205021.9375 0
1750022962651 205356.859375 0
1750023019386 204689.765625 0
1750023019386 204689.765625 0
1750023076519 205230.546875 0
1750023076519 205230.546875 0
1750023076519 205230.546875 0
1750022931978 205021.9375 0
1750022931978 205021.9375 0
1750022962651 205356.859375 0
1750022931978 205021.9375 0
1750022931978 205021.9375 0
1750022962651 205356.859375 0
1750023019386 204689.765625 0
1750023019386 204689.765625 0
1750022931978 205021.9375 0
1750022931978 205021.9375 0
1750022962651 205356.859375 0
1750022931978 205021.9375 0
1750022931978 205021.9375 0
1750022962651 205356.859375 0
1750023019386 204689.765625 0
1750023019386 204689.765625 0
1750023076519 205230.546875 0
1750023076519 205230.546875 0
1750023076519 205230.546875 0
1750023106834 204684.921875 0
1750023106834 204684.921875 0
1750023106834 204684.921875 0
1750023106834 204684.921875 0
1750023152578 204946.015625 0
1750023152578 204946.015625 0
1750023152578 204946.015625 0
1750023152578 204946.015625 0
1750023152578 204946.015625 0
1750022931978 205021.9375 0
1750022931978 205021.9375 0
1750022962651 205356.859375 0
1750022931978 205021.9375 0
1750022931978 205021.9375 0
1750022962651 205356.859375 0
1750023019386 204689.765625 0
1750023019386 204689.765625 0
1750022931978 205021.9375 0
1750022931978 205021.9375 0
1750022962651 205356.859375 0
1750022931978 205021.9375 0
1750022931978 205021.9375 0
1750022962651 205356.859375 0
1750023019386 204689.765625 0
1750023019386 204689.765625 0
1750023076519 205230.546875 0
1750023076519 205230.546875 0
1750023076519 205230.546875 0
1750022931978 205021.9375 0
1750022931978 205021.9375 0
1750022962651 205356.859375 0
1750022931978 205021.9375 0
1750022931978 205021.9375 0
1750022962651 205356.859375 0
1750023019386 204689.765625 0
1750023019386 204689.765625 0
1750022931978 205021.9375 0
1750022931978 205021.9375 0
1750022962651 205356.859375 0
1750022931978 205021.9375 0
1750022931978 205021.9375 0
1750022962651 205356.859375 0
1750023019386 204689.765625 0
1750023019386 204689.765625 0
1750023076519 205230.546875 0
1750023076519 205230.546875 0
1750023076519 205230.546875 0
1750023106834 204684.921875 0
1750023106834 204684.921875 0
1750023106834 204684.921875 0
1750023106834 204684.921875 0
1750022931978 205021.9375 0
1750022931978 205021.9375 0
1750022962651 205356.859375 0
1750022931978 205021.9375 0
1750022931978 205021.9375 0
1750022962651 205356.859375 0
1750023019386 204689.765625 0
1750023019386 204689.765625 0
1750022931978 205021.9375 0
1750022931978 205021.9375 0
1750022962651 205356.859375 0
1750022931978 205021.9375 0
1750022931978 205021.9375 0
1750022962651 205356.859375 0
1750023019386 204689.765625 0
1750023019386 204689.765625 0
1750023076519 205230.546875 0
1750023076519 205230.546875 0
1750023076519 205230.546875 0
1750022931978 205021.9375 0
1750022931978 205021.9375 0
1750022962651 205356.859375 0
1750022931978 205021.9375 0
1750022931978 205021.9375 0
1750022962651 205356.859375 0
1750023019386 204689.765625 0
1750023019386 204689.765625 0
1750022931978 205021.9375 0
1750022931978 205021.9375 0
1750022962651 205356.859375 0
1750022931978 205021.9375 0
1750022931978 205021.9375 0
1750022962651 205356.859375 0
1750023019386 204689.765625 0
1750023019386 204689.765625 0
1750023076519 205230.546875 0
1750023076519 205230.546875 0
1750023076519 205230.546875 0
1750023106834 204684.921875 0
1750023106834 204684.921875 0
1750023106834 204684.921875 0
1750023106834 204684.921875 0
1750023152578 204946.015625 0
1750023152578 204946.015625 0
1750023152578 204946.015625 0
1750023152578 204946.015625 0
1750023152578 204946.015625 0
1750023218466 205037.9375 0
1750023218466 205037.9375 0
1750023218466 205037.9375 0
1750023218466 205037.9375 0
1750023218466 205037.9375 0
1750023218466 205037.9375 0
1750022931978 205021.9375 0
1750022931978 205021.9375 0
1750022962651 205356.859375 0
1750022931978 205021.9375 0
1750022931978 205021.9375 0
1750022962651 205356.859375 0
1750023019386 204689.765625 0
1750023019386 204689.765625 0
1750022931978 205021.9375 0
1750022931978 205021.9375 0
1750022962651 205356.859375 0
1750022931978 205021.9375 0
1750022931978 205021.9375 0
1750022962651 205356.859375 0
1750023019386 204689.765625 0
1750023019386 204689.765625 0
1750023076519 205230.546875 0
1750023076519 205230.546875 0
1750023076519 205230.546875 0
1750022931978 205021.9375 0
1750022931978 205021.9375 0
1750022962651 205356.859375 0
1750022931978 205021.9375 0
1750022931978 205021.9375 0
1750022962651 205356.859375 0
1750023019386 204689.765625 0
1750023019386 204689.765625 0
1750022931978 205021.9375 0
1750022931978 205021.9375 0
1750022962651 205356.859375 0
1750022931978 205021.9375 0
1750022931978 205021.9375 0
1750022962651 205356.859375 0
1750023019386 204689.765625 0
1750023019386 204689.765625 0
1750023076519 205230.546875 0
1750023076519 205230.546875 0
1750023076519 205230.546875 0
1750023106834 204684.921875 0
1750023106834 204684.921875 0
1750023106834 204684.921875 0
1750023106834 204684.921875 0
1750022931978 205021.9375 0
1750022931978 205021.9375 0
1750022962651 205356.859375 0
1750022931978 205021.9375 0
1750022931978 205021.9375 0
1750022962651 205356.859375 0
1750023019386 204689.765625 0
1750023019386 204689.765625 0
1750022931978 205021.9375 0
1750022931978 205021.9375 0
1750022962651 205356.859375 0
1750022931978 205021.9375 0
1750022931978 205021.9375 0
1750022962651 205356.859375 0
1750023019386 204689.765625 0
1750023019386 204689.765625 0
1750023076519 205230.546875 0
1750023076519 205230.546875 0
1750023076519 205230.546875 0
1750022931978 205021.9375 0
1750022931978 205021.9375 0
1750022962651 205356.859375 0
1750022931978 205021.9375 0
1750022931978 205021.9375 0
1750022962651 205356.859375 0
1750023019386 204689.765625 0
1750023019386 204689.765625 0
1750022931978 205021.9375 0
1750022931978 205021.9375 0
1750022962651 205356.859375 0
1750022931978 205021.9375 0
1750022931978 205021.9375 0
1750022962651 205356.859375 0
1750023019386 204689.765625 0
1750023019386 204689.765625 0
1750023076519 205230.546875 0
1750023076519 205230.546875 0
1750023076519 205230.546875 0
1750023106834 204684.921875 0
1750023106834 204684.921875 0
1750023106834 204684.921875 0
1750023106834 204684.921875 0
1750023152578 204946.015625 0
1750023152578 204946.015625 0
1750023152578 204946.015625 0
1750023152578 204946.015625 0
1750023152578 204946.015625 0
1750022931978 205021.9375 0
1750022931978 205021.9375 0
1750022962651 205356.859375 0
1750022931978 205021.9375 0
1750022931978 205021.9375 0
1750022962651 205356.859375 0
1750023019386 204689.765625 0
1750023019386 204689.765625 0
1750022931978 205021.9375 0
1750022931978 205021.9375 0
1750022962651 205356.859375 0
1750022931978 205021.9375 0
1750022931978 205021.9375 0
1750022962651 205356.859375 0
1750023019386 204689.765625 0
1750023019386 204689.765625 0
1750023076519 205230.546875 0
1750023076519 205230.546875 0
1750023076519 205230.546875 0
1750022931978 205021.9375 0
1750022931978 205021.9375 0
1750022962651 205356.859375 0
1750022931978 205021.9375 0
1750022931978 205021.9375 0
1750022962651 205356.859375 0
1750023019386 204689.765625 0
1750023019386 204689.765625 0
1750022931978 205021.9375 0
1750022931978 205021.9375 0
1750022962651 205356.859375 0
1750022931978 205021.9375 0
1750022931978 205021.9375 0
1750022962651 205356.859375 0
1750023019386 204689.765625 0
1750023019386 204689.765625 0
1750023076519 205230.546875 0
1750023076519 205230.546875 0
1750023076519 205230.546875 0
1750023106834 204684.921875 0
1750023106834 204684.921875 0
1750023106834 204684.921875 0
1750023106834 204684.921875 0
1750022931978 205021.9375 0
1750022931978 205021.9375 0
1750022962651 205356.859375 0
1750022931978 205021.9375 0
1750022931978 205021.9375 0
1750022962651 205356.859375 0
1750023019386 204689.765625 0
1750023019386 204689.765625 0
1750022931978 205021.9375 0
1750022931978 205021.9375 0
1750022962651 205356.859375 0
1750022931978 205021.9375 0
1750022931978 205021.9375 0
1750022962651 205356.859375 0
1750023019386 204689.765625 0
1750023019386 204689.765625 0
1750023076519 205230.546875 0
1750023076519 205230.546875 0
1750023076519 205230.546875 0
1750022931978 205021.9375 0
1750022931978 205021.9375 0
1750022962651 205356.859375 0
1750022931978 205021.9375 0
1750022931978 205021.9375 0
1750022962651 205356.859375 0
1750023019386 204689.765625 0
1750023019386 204689.765625 0
1750022931978 205021.9375 0
1750022931978 205021.9375 0
1750022962651 205356.859375 0
1750022931978 205021.9375 0
1750022931978 205021.9375 0
1750022962651 205356.859375 0
1750023019386 204689.765625 0
1750023019386 204689.765625 0
1750023076519 205230.546875 0
1750023076519 205230.546875 0
1750023076519 205230.546875 0
1750023106834 204684.921875 0
1750023106834 204684.921875 0
1750023106834 204684.921875 0
1750023106834 204684.921875 0
1750023152578 204946.015625 0
1750023152578 204946.015625 0
1750023152578 204946.015625 0
1750023152578 204946.015625 0
1750023152578 204946.015625 0
1750023218466 205037.9375 0
1750023218466 205037.9375 0
1750023218466 205037.9375 0
1750023218466 205037.9375 0
1750023218466 205037.9375 0
1750023218466 205037.9375 0
1750023298449 204938.828125 0
1750023298449 204938.828125 0
1750023298449 204938.828125 0
1750023298449 204938.828125 0
1750023298449 204938.828125 0
1750023298449 204938.828125 0
1750023298449 204938.828125 0
1750023449466 204992.203125 0
1750023449466 204992.203125 0
1750023449466 204992.203125 0
1750023449466 204992.203125 0
1750023449466 204992.203125 0
1750023449466 204992.203125 0
1750023449466 204992.203125 0
1750023449466 204992.203125 0
1750023451916 204619.03125 1
1750023454093 204267.90625 2
1750023456383 203806.53125 3
1750023458504 203162.984375 4
1750023460817 202879.171875 5
1750023463146 202212.953125 6
1750023465249 201455.265625 7
1750023467542 200746.703125 8
1750023469928 200063.796875 9
1750023471995 199218.328125 10
1750023474213 198463.90625 11
1750023476448 197447.40625 12
1750023478897 196464.171875 13
1750023480574 195672.828125 14
1750023482424 194763.75 15
1750023484096 193852.65625 16
1750023485896 192884.03125 17
1750023487729 192106.28125 18
1750023489528 191291.484375 19
1750023491186 190590.734375 20
1750023493007 190266.734375 21
1750023494674 189576.734375 22
1750023496483 189312.140625 23
1750023498281 188268.515625 24
1750023500091 188033.0625 25
1750023501751 187582.375 26
1750023503534 187027.265625 27
1750023505203 186492.515625 28
1750023507046 186221.359375 29
1750023508853 185858.859375 30
1750023510508 185251.015625 31
1750023512309 185751.71875 32
1750023514135 184675.296875 33
1750023515921 184044.953125 34
1750023517573 183792.40625 35
1750023519379 183503.875 36
1750023521038 183294.6875 37
1750023522826 182754.546875 38
1750023524634 182384.484375 39
1750023526285 181700.921875 40
1750023528066 181254.734375 41
1750023529838 181150.921875 42
1750023531661 180958.703125 43
1750023533300 180359.8125 44
1750023535093 179994.265625 45
1750023536852 179076.125 46
1750023538676 179111.296875 47
1750023540494 178526.359375 48
1750023542197 177692.8125 49
1750023543991 177706.796875 50
1750023545775 177374.046875 51
1750023547456 177073.421875 52
1750023549447 176830.5625 53
1750023551244 176439.796875 54
1750023552922 175651.8125 55
1750023554762 175445.59375 56
1750023556568 174805.328125 57
1750023558223 175123.09375 58
1750023560039 174695.984375 59
1750023561812 173707.984375 60
1750023563603 173566.828125 61
1750023565252 173377.40625 62
1750023567057 172803.140625 63
1750023568695 172806.03125 64
1750023570482 172307.0625 65
1750023572301 171864.9375 66
1750023573976 171153.25 67
1750023575770 170915.015625 68
1750023577558 170509.390625 69
1750023579276 170228.921875 70
1750023581059 169303.84375 71
1750023582850 169283.65625 72
1750023584544 168759.09375 73
1750023586340 169185.390625 74
1750023588123 168562.65625 75
1750023589785 168136.90625 76
1750023591607 167085.15625 77
1750023593410 167711.453125 78
1750023595213 166742.859375 79
1750023599062 166150.828125 80
1750023603377 165511.484375 81
1750023606601 165555.171875 82
1750023609347 165354.234375 83
1750023612348 165036.3125 84
1750023615148 164242.859375 85
1750023620154 164110.65625 86
1750023622789 163704.9375 87
1750023625485 162793.34375 88
1750023627895 162818.59375 89
1750023630443 162664.046875 90
1750023635509 162128.28125 91
1750023637794 161480.71875 92
1750023640267 161419.140625 93
1750023642817 160846.515625 94
1750023645045 160875.65625 95
1750023647652 160846.03125 96
1750023649889 160156.765625 97
1750023652489 160000.859375 98
1750023654926 159350.4375 99
1750022931978 205021.9375 0
1750022931978 205021.9375 0
1750022962651 205356.859375 0
1750022931978 205021.9375 0
1750022931978 205021.9375 0
1750022962651 205356.859375 0
1750023019386 204689.765625 0
1750023019386 204689.765625 0
1750022931978 205021.9375 0
1750022931978 205021.9375 0
1750022962651 205356.859375 0
1750022931978 205021.9375 0
1750022931978 205021.9375 0
1750022962651 205356.859375 0
1750023019386 204689.765625 0
1750023019386 204689.765625 0
1750023076519 205230.546875 0
1750023076519 205230.546875 0
1750023076519 205230.546875 0
1750022931978 205021.9375 0
1750022931978 205021.9375 0
1750022962651 205356.859375 0
1750022931978 205021.9375 0
1750022931978 205021.9375 0
1750022962651 205356.859375 0
1750023019386 204689.765625 0
1750023019386 204689.765625 0
1750022931978 205021.9375 0
1750022931978 205021.9375 0
1750022962651 205356.859375 0
1750022931978 205021.9375 0
1750022931978 205021.9375 0
1750022962651 205356.859375 0
1750023019386 204689.765625 0
1750023019386 204689.765625 0
1750023076519 205230.546875 0
1750023076519 205230.546875 0
1750023076519 205230.546875 0
1750023106834 204684.921875 0
1750023106834 204684.921875 0
1750023106834 204684.921875 0
1750023106834 204684.921875 0
1750022931978 205021.9375 0
1750022931978 205021.9375 0
1750022962651 205356.859375 0
1750022931978 205021.9375 0
1750022931978 205021.9375 0
1750022962651 205356.859375 0
1750023019386 204689.765625 0
1750023019386 204689.765625 0
1750022931978 205021.9375 0
1750022931978 205021.9375 0
1750022962651 205356.859375 0
1750022931978 205021.9375 0
1750022931978 205021.9375 0
1750022962651 205356.859375 0
1750023019386 204689.765625 0
1750023019386 204689.765625 0
1750023076519 205230.546875 0
1750023076519 205230.546875 0
1750023076519 205230.546875 0
1750022931978 205021.9375 0
1750022931978 205021.9375 0
1750022962651 205356.859375 0
1750022931978 205021.9375 0
1750022931978 205021.9375 0
1750022962651 205356.859375 0
1750023019386 204689.765625 0
1750023019386 204689.765625 0
1750022931978 205021.9375 0
1750022931978 205021.9375 0
1750022962651 205356.859375 0
1750022931978 205021.9375 0
1750022931978 205021.9375 0
1750022962651 205356.859375 0
1750023019386 204689.765625 0
1750023019386 204689.765625 0
1750023076519 205230.546875 0
1750023076519 205230.546875 0
1750023076519 205230.546875 0
1750023106834 204684.921875 0
1750023106834 204684.921875 0
1750023106834 204684.921875 0
1750023106834 204684.921875 0
1750023152578 204946.015625 0
1750023152578 204946.015625 0
1750023152578 204946.015625 0
1750023152578 204946.015625 0
1750023152578 204946.015625 0
1750022931978 205021.9375 0
1750022931978 205021.9375 0
1750022962651 205356.859375 0
1750022931978 205021.9375 0
1750022931978 205021.9375 0
1750022962651 205356.859375 0
1750023019386 204689.765625 0
1750023019386 204689.765625 0
1750022931978 205021.9375 0
1750022931978 205021.9375 0
1750022962651 205356.859375 0
1750022931978 205021.9375 0
1750022931978 205021.9375 0
1750022962651 205356.859375 0
1750023019386 204689.765625 0
1750023019386 204689.765625 0
1750023076519 205230.546875 0
1750023076519 205230.546875 0
1750023076519 205230.546875 0
1750022931978 205021.9375 0
1750022931978 205021.9375 0
1750022962651 205356.859375 0
1750022931978 205021.9375 0
1750022931978 205021.9375 0
1750022962651 205356.859375 0
1750023019386 204689.765625 0
1750023019386 204689.765625 0
1750022931978 205021.9375 0
1750022931978 205021.9375 0
1750022962651 205356.859375 0
1750022931978 205021.9375 0
1750022931978 205021.9375 0
1750022962651 205356.859375 0
1750023019386 204689.765625 0
1750023019386 204689.765625 0
1750023076519 205230.546875 0
1750023076519 205230.546875 0
1750023076519 205230.546875 0
1750023106834 204684.921875 0
1750023106834 204684.921875 0
1750023106834 204684.921875 0
1750023106834 204684.921875 0
1750022931978 205021.9375 0
1750022931978 205021.9375 0
1750022962651 205356.859375 0
1750022931978 205021.9375 0
1750022931978 205021.9375 0
1750022962651 205356.859375 0
1750023019386 204689.765625 0
1750023019386 204689.765625 0
1750022931978 205021.9375 0
1750022931978 205021.9375 0
1750022962651 205356.859375 0
1750022931978 205021.9375 0
1750022931978 205021.9375 0
1750022962651 205356.859375 0
1750023019386 204689.765625 0
1750023019386 204689.765625 0
1750023076519 205230.546875 0
1750023076519 205230.546875 0
1750023076519 205230.546875 0
1750022931978 205021.9375 0
1750022931978 205021.9375 0
1750022962651 205356.859375 0
1750022931978 205021.9375 0
1750022931978 205021.9375 0
1750022962651 205356.859375 0
1750023019386 204689.765625 0
1750023019386 204689.765625 0
1750022931978 205021.9375 0
1750022931978 205021.9375 0
1750022962651 205356.859375 0
1750022931978 205021.9375 0
1750022931978 205021.9375 0
1750022962651 205356.859375 0
1750023019386 204689.765625 0
1750023019386 204689.765625 0
1750023076519 205230.546875 0
1750023076519 205230.546875 0
1750023076519 205230.546875 0
1750023106834 204684.921875 0
1750023106834 204684.921875 0
1750023106834 204684.921875 0
1750023106834 204684.921875 0
1750023152578 204946.015625 0
1750023152578 204946.015625 0
1750023152578 204946.015625 0
1750023152578 204946.015625 0
1750023152578 204946.015625 0
1750023218466 205037.9375 0
1750023218466 205037.9375 0
1750023218466 205037.9375 0
1750023218466 205037.9375 0
1750023218466 205037.9375 0
1750023218466 205037.9375 0
1750022931978 205021.9375 0
1750022931978 205021.9375 0
1750022962651 205356.859375 0
1750022931978 205021.9375 0
1750022931978 205021.9375 0
1750022962651 205356.859375 0
1750023019386 204689.765625 0
1750023019386 204689.765625 0
1750022931978 205021.9375 0
1750022931978 205021.9375 0
1750022962651 205356.859375 0
1750022931978 205021.9375 0
1750022931978 205021.9375 0
1750022962651 205356.859375 0
1750023019386 204689.765625 0
1750023019386 204689.765625 0
1750023076519 205230.546875 0
1750023076519 205230.546875 0
1750023076519 205230.546875 0
1750022931978 205021.9375 0
1750022931978 205021.9375 0
1750022962651 205356.859375 0
1750022931978 205021.9375 0
1750022931978 205021.9375 0
1750022962651 205356.859375 0
1750023019386 204689.765625 0
1750023019386 204689.765625 0
1750022931978 205021.9375 0
1750022931978 205021.9375 0
1750022962651 205356.859375 0
1750022931978 205021.9375 0
1750022931978 205021.9375 0
1750022962651 205356.859375 0
1750023019386 204689.765625 0
1750023019386 204689.765625 0
1750023076519 205230.546875 0
1750023076519 205230.546875 0
1750023076519 205230.546875 0
1750023106834 204684.921875 0
1750023106834 204684.921875 0
1750023106834 204684.921875 0
1750023106834 204684.921875 0
1750022931978 205021.9375 0
1750022931978 205021.9375 0
1750022962651 205356.859375 0
1750022931978 205021.9375 0
1750022931978 205021.9375 0
1750022962651 205356.859375 0
1750023019386 204689.765625 0
1750023019386 204689.765625 0
1750022931978 205021.9375 0
1750022931978 205021.9375 0
1750022962651 205356.859375 0
1750022931978 205021.9375 0
1750022931978 205021.9375 0
1750022962651 205356.859375 0
1750023019386 204689.765625 0
1750023019386 204689.765625 0
1750023076519 205230.546875 0
1750023076519 205230.546875 0
1750023076519 205230.546875 0
1750022931978 205021.9375 0
1750022931978 205021.9375 0
1750022962651 205356.859375 0
1750022931978 205021.9375 0
1750022931978 205021.9375 0
1750022962651 205356.859375 0
1750023019386 204689.765625 0
1750023019386 204689.765625 0
1750022931978 205021.9375 0
1750022931978 205021.9375 0
1750022962651 205356.859375 0
1750022931978 205021.9375 0
1750022931978 205021.9375 0
1750022962651 205356.859375 0
1750023019386 204689.765625 0
1750023019386 204689.765625 0
1750023076519 205230.546875 0
1750023076519 205230.546875 0
1750023076519 205230.546875 0
1750023106834 204684.921875 0
1750023106834 204684.921875 0
1750023106834 204684.921875 0
1750023106834 204684.921875 0
1750023152578 204946.015625 0
1750023152578 204946.015625 0
1750023152578 204946.015625 0
1750023152578 204946.015625 0
1750023152578 204946.015625 0
1750022931978 205021.9375 0
1750022931978 205021.9375 0
1750022962651 205356.859375 0
1750022931978 205021.9375 0
1750022931978 205021.9375 0
1750022962651 205356.859375 0
1750023019386 204689.765625 0
1750023019386 204689.765625 0
1750022931978 205021.9375 0
1750022931978 205021.9375 0
1750022962651 205356.859375 0
1750022931978 205021.9375 0
1750022931978 205021.9375 0
1750022962651 205356.859375 0
1750023019386 204689.765625 0
1750023019386 204689.765625 0
1750023076519 205230.546875 0
1750023076519 205230.546875 0
1750023076519 205230.546875 0
1750022931978 205021.9375 0
1750022931978 205021.9375 0
1750022962651 205356.859375 0
1750022931978 205021.9375 0
1750022931978 205021.9375 0
1750022962651 205356.859375 0
1750023019386 204689.765625 0
1750023019386 204689.765625 0
1750022931978 205021.9375 0
1750022931978 205021.9375 0
1750022962651 205356.859375 0
1750022931978 205021.9375 0
1750022931978 205021.9375 0
1750022962651 205356.859375 0
1750023019386 204689.765625 0
1750023019386 204689.765625 0
1750023076519 205230.546875 0
1750023076519 205230.546875 0
1750023076519 205230.546875 0
1750023106834 204684.921875 0
1750023106834 204684.921875 0
1750023106834 204684.921875 0
1750023106834 204684.921875 0
1750022931978 205021.9375 0
1750022931978 205021.9375 0
1750022962651 205356.859375 0
1750022931978 205021.9375 0
1750022931978 205021.9375 0
1750022962651 205356.859375 0
1750023019386 204689.765625 0
1750023019386 204689.765625 0
1750022931978 205021.9375 0
1750022931978 205021.9375 0
1750022962651 205356.859375 0
1750022931978 205021.9375 0
1750022931978 205021.9375 0
1750022962651 205356.859375 0
1750023019386 204689.765625 0
1750023019386 204689.765625 0
1750023076519 205230.546875 0
1750023076519 205230.546875 0
1750023076519 205230.546875 0
1750022931978 205021.9375 0
1750022931978 205021.9375 0
1750022962651 205356.859375 0
1750022931978 205021.9375 0
1750022931978 205021.9375 0
1750022962651 205356.859375 0
1750023019386 204689.765625 0
1750023019386 204689.765625 0
1750022931978 205021.9375 0
1750022931978 205021.9375 0
1750022962651 205356.859375 0
1750022931978 205021.9375 0
1750022931978 205021.9375 0
1750022962651 205356.859375 0
1750023019386 204689.765625 0
1750023019386 204689.765625 0
1750023076519 205230.546875 0
1750023076519 205230.546875 0
1750023076519 205230.546875 0
1750023106834 204684.921875 0
1750023106834 204684.921875 0
1750023106834 204684.921875 0
1750023106834 204684.921875 0
1750023152578 204946.015625 0
1750023152578 204946.015625 0
1750023152578 204946.015625 0
1750023152578 204946.015625 0
1750023152578 204946.015625 0
1750023218466 205037.9375 0
1750023218466 205037.9375 0
1750023218466 205037.9375 0
1750023218466 205037.9375 0
1750023218466 205037.9375 0
1750023218466 205037.9375 0
1750023298449 204938.828125 0
1750023298449 204938.828125 0
1750023298449 204938.828125 0
1750023298449 204938.828125 0
1750023298449 204938.828125 0
1750023298449 204938.828125 0
1750023298449 204938.828125 0
1750022931978 205021.9375 0
1750022931978 205021.9375 0
1750022962651 205356.859375 0
1750022931978 205021.9375 0
1750022931978 205021.9375 0
1750022962651 205356.859375 0
1750023019386 204689.765625 0
1750023019386 204689.765625 0
1750022931978 205021.9375 0
1750022931978 205021.9375 0
1750022962651 205356.859375 0
1750022931978 205021.9375 0
1750022931978 205021.9375 0
1750022962651 205356.859375 0
1750023019386 204689.765625 0
1750023019386 204689.765625 0
1750023076519 205230.546875 0
1750023076519 205230.546875 0
1750023076519 205230.546875 0
1750022931978 205021.9375 0
1750022931978 205021.9375 0
1750022962651 205356.859375 0
1750022931978 205021.9375 0
1750022931978 205021.9375 0
1750022962651 205356.859375 0
1750023019386 204689.765625 0
1750023019386 204689.765625 0
1750022931978 205021.9375 0
1750022931978 205021.9375 0
1750022962651 205356.859375 0
1750022931978 205021.9375 0
1750022931978 205021.9375 0
1750022962651 205356.859375 0
1750023019386 204689.765625 0
1750023019386 204689.765625 0
1750023076519 205230.546875 0
1750023076519 205230.546875 0
1750023076519 205230.546875 0
1750023106834 204684.921875 0
1750023106834 204684.921875 0
1750023106834 204684.921875 0
1750023106834 204684.921875 0
1750022931978 205021.9375 0
1750022931978 205021.9375 0
1750022962651 205356.859375 0
1750022931978 205021.9375 0
1750022931978 205021.9375 0
1750022962651 205356.859375 0
1750023019386 204689.765625 0
1750023019386 204689.765625 0
1750022931978 205021.9375 0
1750022931978 205021.9375 0
1750022962651 205356.859375 0
1750022931978 205021.9375 0
1750022931978 205021.9375 0
1750022962651 205356.859375 0
1750023019386 204689.765625 0
1750023019386 204689.765625 0
1750023076519 205230.546875 0
1750023076519 205230.546875 0
1750023076519 205230.546875 0
1750022931978 205021.9375 0
1750022931978 205021.9375 0
1750022962651 205356.859375 0
1750022931978 205021.9375 0
1750022931978 205021.9375 0
1750022962651 205356.859375 0
1750023019386 204689.765625 0
1750023019386 204689.765625 0
1750022931978 205021.9375 0
1750022931978 205021.9375 0
1750022962651 205356.859375 0
1750022931978 205021.9375 0
1750022931978 205021.9375 0
1750022962651 205356.859375 0
1750023019386 204689.765625 0
1750023019386 204689.765625 0
1750023076519 205230.546875 0
1750023076519 205230.546875 0
1750023076519 205230.546875 0
1750023106834 204684.921875 0
1750023106834 204684.921875 0
1750023106834 204684.921875 0
1750023106834 204684.921875 0
1750023152578 204946.015625 0
1750023152578 204946.015625 0
1750023152578 204946.015625 0
1750023152578 204946.015625 0
1750023152578 204946.015625 0
1750022931978 205021.9375 0
1750022931978 205021.9375 0
1750022962651 205356.859375 0
1750022931978 205021.9375 0
1750022931978 205021.9375 0
1750022962651 205356.859375 0
1750023019386 204689.765625 0
1750023019386 204689.765625 0
1750022931978 205021.9375 0
1750022931978 205021.9375 0
1750022962651 205356.859375 0
1750022931978 205021.9375 0
1750022931978 205021.9375 0
1750022962651 205356.859375 0
1750023019386 204689.765625 0
1750023019386 204689.765625 0
1750023076519 205230.546875 0
1750023076519 205230.546875 0
1750023076519 205230.546875 0
1750022931978 205021.9375 0
1750022931978 205021.9375 0
1750022962651 205356.859375 0
1750022931978 205021.9375 0
1750022931978 205021.9375 0
1750022962651 205356.859375 0
1750023019386 204689.765625 0
1750023019386 204689.765625 0
1750022931978 205021.9375 0
1750022931978 205021.9375 0
1750022962651 205356.859375 0
1750022931978 205021.9375 0
1750022931978 205021.9375 0
1750022962651 205356.859375 0
1750023019386 204689.765625 0
1750023019386 204689.765625 0
1750023076519 205230.546875 0
1750023076519 205230.546875 0
1750023076519 205230.546875 0
1750023106834 204684.921875 0
1750023106834 204684.921875 0
1750023106834 204684.921875 0
1750023106834 204684.921875 0
1750022931978 205021.9375 0
1750022931978 205021.9375 0
1750022962651 205356.859375 0
1750022931978 205021.9375 0
1750022931978 205021.9375 0
1750022962651 205356.859375 0
1750023019386 204689.765625 0
1750023019386 204689.765625 0
1750022931978 205021.9375 0
1750022931978 205021.9375 0
1750022962651 205356.859375 0
1750022931978 205021.9375 0
1750022931978 205021.9375 0
1750022962651 205356.859375 0
1750023019386 204689.765625 0
1750023019386 204689.765625 0
1750023076519 205230.546875 0
1750023076519 205230.546875 0
1750023076519 205230.546875 0
1750022931978 205021.9375 0
1750022931978 205021.9375 0
1750022962651 205356.859375 0
1750022931978 205021.9375 0
1750022931978 205021.9375 0
1750022962651 205356.859375 0
1750023019386 204689.765625 0
1750023019386 204689.765625 0
1750022931978 205021.9375 0
1750022931978 205021.9375 0
1750022962651 205356.859375 0
1750022931978 205021.9375 0
1750022931978 205021.9375 0
1750022962651 205356.859375 0
1750023019386 204689.765625 0
1750023019386 204689.765625 0
1750023076519 205230.546875 0
1750023076519 205230.546875 0
1750023076519 205230.546875 0
1750023106834 204684.921875 0
1750023106834 204684.921875 0
1750023106834 204684.921875 0
1750023106834 204684.921875 0
1750023152578 204946.015625 0
1750023152578 204946.015625 0
1750023152578 204946.015625 0
1750023152578 204946.015625 0
1750023152578 204946.015625 0
1750023218466 205037.9375 0
1750023218466 205037.9375 0
1750023218466 205037.9375 0
1750023218466 205037.9375 0
1750023218466 205037.9375 0
1750023218466 205037.9375 0
1750022931978 205021.9375 0
1750022931978 205021.9375 0
1750022962651 205356.859375 0
1750022931978 205021.9375 0
1750022931978 205021.9375 0
1750022962651 205356.859375 0
1750023019386 204689.765625 0
1750023019386 204689.765625 0
1750022931978 205021.9375 0
1750022931978 205021.9375 0
1750022962651 205356.859375 0
1750022931978 205021.9375 0
1750022931978 205021.9375 0
1750022962651 205356.859375 0
1750023019386 204689.765625 0
1750023019386 204689.765625 0
1750023076519 205230.546875 0
1750023076519 205230.546875 0
1750023076519 205230.546875 0
1750022931978 205021.9375 0
1750022931978 205021.9375 0
1750022962651 205356.859375 0
1750022931978 205021.9375 0
1750022931978 205021.9375 0
1750022962651 205356.859375 0
1750023019386 204689.765625 0
1750023019386 204689.765625 0
1750022931978 205021.9375 0
1750022931978 205021.9375 0
1750022962651 205356.859375 0
1750022931978 205021.9375 0
1750022931978 205021.9375 0
1750022962651 205356.859375 0
1750023019386 204689.765625 0
1750023019386 204689.765625 0
1750023076519 205230.546875 0
1750023076519 205230.546875 0
1750023076519 205230.546875 0
1750023106834 204684.921875 0
1750023106834 204684.921875 0
1750023106834 204684.921875 0
1750023106834 204684.921875 0
1750022931978 205021.9375 0
1750022931978 205021.9375 0
1750022962651 205356.859375 0
1750022931978 205021.9375 0
1750022931978 205021.9375 0
1750022962651 205356.859375 0
1750023019386 204689.765625 0
1750023019386 204689.765625 0
1750022931978 205021.9375 0
1750022931978 205021.9375 0
1750022962651 205356.859375 0
1750022931978 205021.9375 0
1750022931978 205021.9375 0
1750022962651 205356.859375 0
1750023019386 204689.765625 0
1750023019386 204689.765625 0
1750023076519 205230.546875 0
1750023076519 205230.546875 0
1750023076519 205230.546875 0
1750022931978 205021.9375 0
1750022931978 205021.9375 0
1750022962651 205356.859375 0
1750022931978 205021.9375 0
1750022931978 205021.9375 0
1750022962651 205356.859375 0
1750023019386 204689.765625 0
1750023019386 204689.765625 0
1750022931978 205021.9375 0
1750022931978 205021.9375 0
1750022962651 205356.859375 0
1750022931978 205021.9375 0
1750022931978 205021.9375 0
1750022962651 205356.859375 0
1750023019386 204689.765625 0
1750023019386 204689.765625 0
1750023076519 205230.546875 0
1750023076519 205230.546875 0
1750023076519 205230.546875 0
1750023106834 204684.921875 0
1750023106834 204684.921875 0
1750023106834 204684.921875 0
1750023106834 204684.921875 0
1750023152578 204946.015625 0
1750023152578 204946.015625 0
1750023152578 204946.015625 0
1750023152578 204946.015625 0
1750023152578 204946.015625 0
1750022931978 205021.9375 0
1750022931978 205021.9375 0
1750022962651 205356.859375 0
1750022931978 205021.9375 0
1750022931978 205021.9375 0
1750022962651 205356.859375 0
1750023019386 204689.765625 0
1750023019386 204689.765625 0
1750022931978 205021.9375 0
1750022931978 205021.9375 0
1750022962651 205356.859375 0
1750022931978 205021.9375 0
1750022931978 205021.9375 0
1750022962651 205356.859375 0
1750023019386 204689.765625 0
1750023019386 204689.765625 0
1750023076519 205230.546875 0
1750023076519 205230.546875 0
1750023076519 205230.546875 0
1750022931978 205021.9375 0
1750022931978 205021.9375 0
1750022962651 205356.859375 0
1750022931978 205021.9375 0
1750022931978 205021.9375 0
1750022962651 205356.859375 0
1750023019386 204689.765625 0
1750023019386 204689.765625 0
1750022931978 205021.9375 0
1750022931978 205021.9375 0
1750022962651 205356.859375 0
1750022931978 205021.9375 0
1750022931978 205021.9375 0
1750022962651 205356.859375 0
1750023019386 204689.765625 0
1750023019386 204689.765625 0
1750023076519 205230.546875 0
1750023076519 205230.546875 0
1750023076519 205230.546875 0
1750023106834 204684.921875 0
1750023106834 204684.921875 0
1750023106834 204684.921875 0
1750023106834 204684.921875 0
1750022931978 205021.9375 0
1750022931978 205021.9375 0
1750022962651 205356.859375 0
1750022931978 205021.9375 0
1750022931978 205021.9375 0
1750022962651 205356.859375 0
1750023019386 204689.765625 0
1750023019386 204689.765625 0
1750022931978 205021.9375 0
1750022931978 205021.9375 0
1750022962651 205356.859375 0
1750022931978 205021.9375 0
1750022931978 205021.9375 0
1750022962651 205356.859375 0
1750023019386 204689.765625 0
1750023019386 204689.765625 0
1750023076519 205230.546875 0
1750023076519 205230.546875 0
1750023076519 205230.546875 0
1750022931978 205021.9375 0
1750022931978 205021.9375 0
1750022962651 205356.859375 0
1750022931978 205021.9375 0
1750022931978 205021.9375 0
1750022962651 205356.859375 0
1750023019386 204689.765625 0
1750023019386 204689.765625 0
1750022931978 205021.9375 0
1750022931978 205021.9375 0
1750022962651 205356.859375 0
1750022931978 205021.9375 0
1750022931978 205021.9375 0
1750022962651 205356.859375 0
1750023019386 204689.765625 0
1750023019386 204689.765625 0
1750023076519 205230.546875 0
1750023076519 205230.546875 0
1750023076519 205230.546875 0
1750023106834 204684.921875 0
1750023106834 204684.921875 0
1750023106834 204684.921875 0
1750023106834 204684.921875 0
1750023152578 204946.015625 0
1750023152578 204946.015625 0
1750023152578 204946.015625 0
1750023152578 204946.015625 0
1750023152578 204946.015625 0
1750023218466 205037.9375 0
1750023218466 205037.9375 0
1750023218466 205037.9375 0
1750023218466 205037.9375 0
1750023218466 205037.9375 0
1750023218466 205037.9375 0
1750023298449 204938.828125 0
1750023298449 204938.828125 0
1750023298449 204938.828125 0
1750023298449 204938.828125 0
1750023298449 204938.828125 0
1750023298449 204938.828125 0
1750023298449 204938.828125 0
1750023449466 204992.203125 0
1750023449466 204992.203125 0
1750023449466 204992.203125 0
1750023449466 204992.203125 0
1750023449466 204992.203125 0
1750023449466 204992.203125 0
1750023449466 204992.203125 0
1750023449466 204992.203125 0
1750023702988 203728.8125 0
1750023702988 203728.8125 0
1750023702988 203728.8125 0
1750023702988 203728.8125 0
1750023702988 203728.8125 0
1750023702988 203728.8125 0
1750023702988 203728.8125 0
1750023702988 203728.8125 0
1750023702988 203728.8125 0
1750023708134 201573.453125 1
1750023714114 198341.671875 2
1750023719643 194357.109375 3
1750023725098 187774.0625 4
1750023730405 178260.15625 5
1750023735122 166533.75 6
1750023740544 151543.703125 7
1750023745865 134082.3125 8
1750023750865 111630.2578125 9
1750023756193 92004.546875 10
1750023761789 70207.125 11
1750023769693 56970.20703125 12
1750023776292 41640.94140625 13
1750023782727 33765.44921875 14
1750023788367 28275.76953125 15
