1750022931978 417.7832336425781 0
1750022932299 416.9307861328125 1
1750022932586 415.8522644042969 2
1750022932964 414.1689758300781 3
1750022933247 411.1539306640625 4
1750022933575 405.9121398925781 5
1750022933913 397.67333984375 6
1750022934280 383.455322265625 7
1750022934606 361.5804138183594 8
1750022934958 328.5989685058594 9
1750022935279 278.930419921875 10
1750022935571 217.85023498535156 11
1750022935916 155.42279052734375 12
1750022936172 128.46884155273438 13
1750022936490 128.93264770507812 14
1750022936735 120.10693359375 15
1750022936976 113.73770904541016 16
1750022937222 119.67005920410156 17
1750022937473 111.80730438232422 18
1750022937731 107.14134979248047 19
1750022938115 97.49925994873047 20
1750022938349 101.70783996582031 21
1750022938753 100.11734008789062 22
1750022939233 98.65836334228516 23
1750022939484 100.66144561767578 24
1750022939738 96.91416931152344 25
1750022940005 95.55946350097656 26
1750022940230 88.19202423095703 27
1750022940468 93.27977752685547 28
1750022940674 94.92593383789062 29
1750022940984 91.39205169677734 30
1750022941268 88.67850494384766 31
1750022941554 85.39567565917969 32
1750022941815 83.27096557617188 33
1750022942110 84.45209503173828 34
1750022942369 86.94650268554688 35
1750022942635 79.66905212402344 36
1750022942902 83.98249053955078 37
1750022943095 83.69147491455078 38
1750022943324 81.26364135742188 39
1750022943585 84.34505462646484 40
1750022943855 78.77949523925781 41
1750022944075 82.67009735107422 42
1750022944291 84.34858703613281 43
1750022944510 83.85399627685547 44
1750022944791 81.32734680175781 45
1750022945018 76.55876922607422 46
1750022945238 81.49248504638672 47
1750022945399 81.80836486816406 48
1750022945622 80.74085998535156 49
1750022945865 78.56834411621094 50
1750022946215 81.21463012695312 51
1750022946384 79.48108673095703 52
1750022946596 80.81861877441406 53
1750022946821 74.8335952758789 54
1750022947019 75.06639099121094 55
1750022931978 417.7832336425781 0
1750022959646 78.56834411621094 56
1750022962651 418.08502197265625 0
1750022962939 417.78118896484375 1
1750022963301 417.78155517578125 2
1750022963594 417.591064453125 3
1750022964008 417.3551330566406 4
1750022964466 417.29241943359375 5
1750022964871 416.87945556640625 6
1750022965251 416.5538330078125 7
1750022965923 416.0569152832031 8
1750022966243 415.6024169921875 9
1750022966569 414.60394287109375 10
1750022966831 413.589111328125 11
1750022967153 412.49639892578125 12
1750022967412 411.5240478515625 13
1750022967685 409.2318115234375 14
1750022968041 407.588134765625 15
1750022968336 405.5848083496094 16
1750022968626 403.5672607421875 17
1750022968850 401.86859130859375 18
1750022969182 399.8900451660156 19
1750022969427 398.811767578125 20
1750022969665 397.9085693359375 21
1750022969936 396.5608825683594 22
1750022970205 395.83612060546875 23
1750022970460 395.0593566894531 24
1750022970729 394.2702331542969 25
1750022971000 393.854248046875 26
1750022971263 392.74560546875 27
1750022971549 392.1402893066406 28
1750022971835 391.2496337890625 29
1750022972140 390.4800109863281 30
1750022972406 390.2746887207031 31
1750022972743 389.6241149902344 32
1750022973019 388.3442077636719 33
1750022973670 388.0100402832031 34
1750022974034 387.169677734375 35
1750022974359 386.96728515625 36
1750022974747 386.5519104003906 37
1750022975099 385.5024719238281 38
1750022975489 385.1411437988281 39
1750022975785 384.540771484375 40
1750022976088 383.5805969238281 41
1750022976402 383.0662536621094 42
1750022976603 382.4851379394531 43
1750022976836 381.9425964355469 44
1750022977169 381.218017578125 45
1750022977419 380.518798828125 46
1750022977689 380.0339050292969 47
1750022977936 379.4007568359375 48
1750022978202 378.7964172363281 49
1750022978693 378.5542297363281 50
1750022978999 377.51654052734375 51
1750022979270 376.8620300292969 52
1750022979610 376.4078063964844 53
1750022979981 376.26055908203125 54
1750022980354 375.3144836425781 55
1750022980778 374.4753112792969 56
1750022981167 373.9944763183594 57
1750022981499 374.04656982421875 58
1750022981850 373.046875 59
1750022982213 372.66168212890625 60
1750022982534 371.7575988769531 61
1750022982852 371.8772888183594 62
1750022983184 371.1267395019531 63
1750022983574 370.65167236328125 64
1750022983934 370.13189697265625 65
1750022984480 369.6908874511719 66
1750022984916 368.9560852050781 67
1750022985693 368.3085021972656 68
1750022986287 367.8726806640625 69
1750022986867 366.4696044921875 70
1750022987380 366.7945556640625 71
1750022987741 365.8290100097656 72
1750022988312 366.0285339355469 73
1750022988662 364.88226318359375 74
1750022989035 364.7677917480469 75
1750022989317 363.7164001464844 76
1750022989586 362.9808654785156 77
1750022989866 363.3739013671875 78
1750022990179 363.0213623046875 79
1750022990463 360.7147521972656 80
1750022990812 361.8555908203125 81
1750022991200 361.49072265625 82
1750022991567 360.1952209472656 83
1750022991847 359.03082275390625 84
1750022992118 360.04180908203125 85
1750022992474 358.9458312988281 86
1750022992750 359.0099792480469 87
1750022993081 357.2147521972656 88
1750022993334 357.3067321777344 89
1750022993616 356.8764343261719 90
1750022994000 356.2390441894531 91
1750022994342 355.5362854003906 92
1750022994752 354.7037048339844 93
1750022995236 355.17523193359375 94
1750022995711 353.7097473144531 95
1750022996245 353.2978820800781 96
1750022996744 353.22625732421875 97
1750022997265 353.117431640625 98
1750022997720 351.74359130859375 99
1750022931978 417.7832336425781 0
1750022931978 417.7832336425781 0
1750022962651 418.08502197265625 0
1750023019386 417.81414794921875 0
1750023019386 417.81414794921875 0
1750023019779 417.47308349609375 1
1750023020094 416.969970703125 2
1750023020435 416.3808898925781 3
1750023020804 415.37591552734375 4
1750023021458 413.9457702636719 5
1750023021852 412.44732666015625 6
1750023022309 410.7491760253906 7
1750023022822 409.2236633300781 8
1750023023390 408.1048583984375 9
1750023023978 406.73272705078125 10
1750023024394 405.1217956542969 11
1750023024895 403.6143493652344 12
1750023025462 402.1182556152344 13
1750023025896 401.14691162109375 14
1750023026316 400.3105773925781 15
1750023026660 399.67486572265625 16
1750023027028 399.0129699707031 17
1750023027357 398.61236572265625 18
1750023027689 398.0516052246094 19
1750023028028 397.4518127441406 20
1750023028360 396.9580383300781 21
1750023028898 396.3100891113281 22
1750023029565 395.78546142578125 23
1750023030588 395.34521484375 24
1750023031245 394.8849182128906 25
1750023031753 394.2923889160156 26
1750023032385 393.72808837890625 27
1750023032855 393.3472595214844 28
1750023033342 392.7701416015625 29
1750023033844 392.2378234863281 30
1750023034262 391.79119873046875 31
1750023034616 391.299560546875 32
1750023035063 390.4737243652344 33
1750023035756 390.151611328125 34
1750023036284 389.6562805175781 35
1750023036794 389.0186767578125 36
1750023037483 388.49066162109375 37
1750023038226 387.9813232421875 38
1750023038777 387.6078796386719 39
1750023039198 387.0025329589844 40
1750023039730 386.6538391113281 41
1750023040140 385.94439697265625 42
1750023040514 385.6622619628906 43
1750023040921 384.9673156738281 44
1750023041351 384.5860900878906 45
1750023041896 383.9997253417969 46
1750023042494 383.5770568847656 47
1750023043024 383.0048522949219 48
1750023043565 382.27337646484375 49
1750023044392 381.896728515625 50
1750023045341 381.46112060546875 51
1750023045955 380.8413391113281 52
1750023046246 380.38421630859375 53
1750023046545 379.9212646484375 54
1750023046922 379.2774658203125 55
1750023047258 378.7020568847656 56
1750023047576 378.207275390625 57
1750023048177 377.7198791503906 58
1750023048517 377.2575378417969 59
1750023048818 376.7068176269531 60
1750023049110 376.134765625 61
1750023049429 375.5848693847656 62
1750023049742 375.2141418457031 63
1750023050022 374.5448913574219 64
1750023050306 374.1274719238281 65
1750023050574 373.53961181640625 66
1750023050856 372.94921875 67
1750023051140 372.5402526855469 68
1750023051416 372.0404357910156 69
1750023051708 371.6290283203125 70
1750023052124 371.0213317871094 71
1750023052538 370.26593017578125 72
1750023052876 370.3375549316406 73
1750023053345 369.6092529296875 74
1750023053657 369.0518798828125 75
1750023054037 368.665283203125 76
1750023054382 368.01959228515625 77
1750023054658 367.4007263183594 78
1750023055043 367.0808410644531 79
1750023055409 366.51507568359375 80
1750023055803 365.7569580078125 81
1750023056147 365.2348937988281 82
1750023056744 364.7564697265625 83
1750023057047 364.2669677734375 84
1750023057324 363.80364990234375 85
1750023057640 363.2065124511719 86
1750023057972 362.81451416015625 87
1750023058308 362.2264404296875 88
1750023058606 361.65789794921875 89
1750023058926 360.98797607421875 90
1750023059247 360.8646240234375 91
1750023059594 360.348876953125 92
1750023060011 359.574951171875 93
1750023060398 359.3448791503906 94
1750023060815 358.9183349609375 95
1750023061154 357.9243469238281 96
1750023061576 357.7266540527344 97
1750023061984 356.86883544921875 98
1750023062322 356.5361633300781 99
1750022931978 417.7832336425781 0
1750022931978 417.7832336425781 0
1750022962651 418.08502197265625 0
1750022931978 417.7832336425781 0
1750022931978 417.7832336425781 0
1750022962651 418.08502197265625 0
1750023019386 417.81414794921875 0
1750023019386 417.81414794921875 0
1750023076519 418.01080322265625 0
1750023076519 418.01080322265625 0
1750023076519 418.01080322265625 0
1750023076875 417.3470153808594 1
1750023077248 416.58197021484375 2
1750023077586 415.5125732421875 3
1750023077936 413.94976806640625 4
1750023078322 411.2722473144531 5
1750023078706 406.89019775390625 6
1750023079109 399.31683349609375 7
1750023079503 386.0684509277344 8
1750023079853 367.6673583984375 9
1750023080227 338.0334167480469 10
1750023080607 293.8018798828125 11
1750023081019 238.87518310546875 12
1750023081421 182.38270568847656 13
1750023081789 138.3060760498047 14
1750023082162 144.52505493164062 15
1750023082560 144.65443420410156 16
1750023083153 138.7787322998047 17
1750023083445 131.6224822998047 18
1750023083775 124.3113784790039 19
1750023084243 127.45497131347656 20
1750023084621 134.74069213867188 21
1750023084958 124.62760162353516 22
1750023085348 120.24684143066406 23
1750023085657 126.00204467773438 24
1750023085922 114.34811401367188 25
1750023086255 114.74980926513672 26
1750023086613 118.98519134521484 27
1750023086936 128.06040954589844 28
1750023087236 125.65648651123047 29
1750023087499 113.90943145751953 30
1750023087809 108.81316375732422 31
1750023088117 104.06127166748047 32
1750023088505 120.38712310791016 33
1750023088822 107.87326049804688 34
1750023089186 118.92427825927734 35
1750023089524 113.9923095703125 36
1750023089898 105.15035247802734 37
1750022931978 417.7832336425781 0
1750022931978 417.7832336425781 0
1750022962651 418.08502197265625 0
1750022931978 417.7832336425781 0
1750022931978 417.7832336425781 0
1750022962651 418.08502197265625 0
1750023019386 417.81414794921875 0
1750023019386 417.81414794921875 0
1750022931978 417.7832336425781 0
1750022931978 417.7832336425781 0
1750022962651 418.08502197265625 0
1750022931978 417.7832336425781 0
1750022931978 417.7832336425781 0
1750022962651 418.08502197265625 0
1750023019386 417.81414794921875 0
1750023019386 417.81414794921875 0
1750023076519 418.01080322265625 0
1750023076519 418.01080322265625 0
1750023076519 418.01080322265625 0
1750023104256 104.06127166748047 38
1750023106834 417.341796875 0
1750023106834 417.341796875 0
1750023106834 417.341796875 0
1750023106834 417.341796875 0
1750023107233 415.4818420410156 1
1750023107606 412.55572509765625 2
1750023108003 407.93670654296875 3
1750023108406 400.6191101074219 4
1750023108912 390.3200378417969 5
1750023109402 377.05914306640625 6
1750023109890 358.41656494140625 7
1750023110290 333.7156982421875 8
1750023110771 304.735107421875 9
1750023111266 271.727783203125 10
1750023111650 237.3511505126953 11
1750023112108 198.6376953125 12
1750023112527 174.46144104003906 13
1750023112897 150.89854431152344 14
1750023113390 139.76939392089844 15
1750023113760 129.45584106445312 16
1750023114357 127.60101318359375 17
1750023114831 124.94571685791016 18
1750023115233 116.02985382080078 19
1750023115575 124.17508697509766 20
1750023115953 119.49261474609375 21
1750023116318 119.37845611572266 22
1750023116630 108.01793670654297 23
1750023116998 102.1373291015625 24
1750023117497 101.5318832397461 25
1750023117989 101.79216766357422 26
1750023118432 108.67257690429688 27
1750023118751 95.28426361083984 28
1750023119423 98.85529327392578 29
1750023119759 94.74927520751953 30
1750023120140 94.03885650634766 31
1750023120492 95.00660705566406 32
1750023120853 88.73709106445312 33
1750023121195 89.84471130371094 34
1750023121539 88.19071197509766 35
1750023122109 87.24407196044922 36
1750023122501 90.19039154052734 37
1750023122870 86.00676727294922 38
1750023123198 86.57249450683594 39
1750023123522 88.27328491210938 40
1750023123870 83.2476577758789 41
1750023124209 91.92109680175781 42
1750023124518 95.57757568359375 43
1750023125166 86.36141204833984 44
1750023125513 87.07997131347656 45
1750023125859 82.08927917480469 46
1750023126188 82.85587310791016 47
1750023126469 83.5982437133789 48
1750023126962 82.76244354248047 49
1750023127317 82.11656951904297 50
1750023128031 86.01042938232422 51
1750023128398 84.59616088867188 52
1750023128740 84.58975982666016 53
1750023129098 81.70393371582031 54
1750023129506 84.37690734863281 55
1750023129824 82.59748840332031 56
1750023130124 75.66255950927734 57
1750023130500 83.8861312866211 58
1750023130818 81.56036376953125 59
1750023131120 75.37619018554688 60
1750023131419 80.66864776611328 61
1750023131758 71.1710205078125 62
1750023132051 76.14451599121094 63
1750023132335 78.34370422363281 64
1750023132856 75.88058471679688 65
1750023133178 81.36685943603516 66
1750023133508 81.59074401855469 67
1750023133878 78.14411926269531 68
1750023134216 72.21039581298828 69
1750023134515 83.1064453125 70
1750023134863 73.88732147216797 71
1750023135216 74.08634948730469 72
1750023135523 77.78018188476562 73
1750023135845 78.38021087646484 74
1750023136246 75.74468231201172 75
1750023136536 75.15245056152344 76
1750023136863 75.11492919921875 77
1750023137179 70.07614135742188 78
1750023137511 73.55342864990234 79
1750023138030 73.54290008544922 80
1750023138329 75.20181274414062 81
1750023138661 75.65880584716797 82
1750023139002 66.7437744140625 83
1750023139306 75.82542419433594 84
1750023139668 79.42931365966797 85
1750023140018 75.17268371582031 86
1750023140338 67.8531723022461 87
1750023140644 71.28219604492188 88
1750023140935 68.55888366699219 89
1750023141261 69.70588684082031 90
1750023141581 67.98545837402344 91
1750022931978 417.7832336425781 0
1750022931978 417.7832336425781 0
1750022962651 418.08502197265625 0
1750022931978 417.7832336425781 0
1750022931978 417.7832336425781 0
1750022962651 418.08502197265625 0
1750023019386 417.81414794921875 0
1750023019386 417.81414794921875 0
1750022931978 417.7832336425781 0
1750022931978 417.7832336425781 0
1750022962651 418.08502197265625 0
1750022931978 417.7832336425781 0
1750022931978 417.7832336425781 0
1750022962651 418.08502197265625 0
1750023019386 417.81414794921875 0
1750023019386 417.81414794921875 0
1750023076519 418.01080322265625 0
1750023076519 418.01080322265625 0
1750023076519 418.01080322265625 0
1750022931978 417.7832336425781 0
1750022931978 417.7832336425781 0
1750022962651 418.08502197265625 0
1750022931978 417.7832336425781 0
1750022931978 417.7832336425781 0
1750022962651 418.08502197265625 0
1750023019386 417.81414794921875 0
1750023019386 417.81414794921875 0
1750022931978 417.7832336425781 0
1750022931978 417.7832336425781 0
1750022962651 418.08502197265625 0
1750022931978 417.7832336425781 0
1750022931978 417.7832336425781 0
1750022962651 418.08502197265625 0
1750023019386 417.81414794921875 0
1750023019386 417.81414794921875 0
1750023076519 418.01080322265625 0
1750023076519 418.01080322265625 0
1750023076519 418.01080322265625 0
1750023106834 417.341796875 0
1750023106834 417.341796875 0
1750023106834 417.341796875 0
1750023106834 417.341796875 0
1750023150553 75.17268371582031 92
1750023152578 417.8458557128906 0
1750023152578 417.8458557128906 0
1750023152578 417.8458557128906 0
1750023152578 417.8458557128906 0
1750023152578 417.8458557128906 0
1750023153010 417.53936767578125 1
1750023153481 417.1441345214844 2
1750023153941 416.7144470214844 3
1750023154611 416.17626953125 4
1750023155040 415.35662841796875 5
1750023155461 414.580810546875 6
1750023155899 413.2250671386719 7
1750023156535 412.1925048828125 8
1750023156962 411.0693054199219 9
1750023157610 409.830078125 10
1750023158043 408.3619079589844 11
1750023158473 407.1219787597656 12
1750023159098 405.9807434082031 13
1750023159542 404.806884765625 14
1750023159977 403.25799560546875 15
1750023160431 402.1506042480469 16
1750023161072 400.3671875 17
1750023161485 400.0570373535156 18
1750023161909 399.0364685058594 19
1750023162336 398.1369323730469 20
1750023162790 397.77294921875 21
1750023163427 397.0708923339844 22
1750023163865 396.2384338378906 23
1750023164294 395.95513916015625 24
1750023164711 395.51287841796875 25
1750023165147 394.8927307128906 26
1750023165832 394.7190246582031 27
1750023166284 393.8554992675781 28
1750023166715 393.3921203613281 29
1750023167161 392.6622314453125 30
1750023167803 392.3265380859375 31
1750023168362 391.8465270996094 32
1750023169033 391.1292724609375 33
1750023169564 390.6541442871094 34
1750023170375 390.1389465332031 35
1750023171288 389.75970458984375 36
1750023171908 389.21197509765625 37
1750023172627 388.7280578613281 38
1750023173226 388.0686950683594 39
1750023174181 387.4507751464844 40
1750023174971 386.99591064453125 41
1750023176085 386.41302490234375 42
1750023176909 386.1533508300781 43
1750023177687 385.66351318359375 44
1750023178139 384.9019470214844 45
1750023178575 384.48358154296875 46
1750023179161 383.9771423339844 47
1750023179880 383.54791259765625 48
1750023180325 383.01568603515625 49
1750023180762 382.5382080078125 50
1750023181203 382.4950256347656 51
1750023181644 381.834228515625 52
1750023182449 381.28436279296875 53
1750023182898 380.5340270996094 54
1750023183509 380.0401916503906 55
1750023183976 379.55572509765625 56
1750023184621 379.1086730957031 57
1750023185055 378.29736328125 58
1750023185524 378.03125 59
1750023185976 377.28070068359375 60
1750023186664 376.9586486816406 61
1750023187096 376.3482666015625 62
1750023187536 375.7242736816406 63
1750023188015 375.45849609375 64
1750023188640 375.2057189941406 65
1750023189084 374.7455139160156 66
1750023189532 373.4344177246094 67
1750023189967 373.373046875 68
1750023190638 373.4440002441406 69
1750023191071 372.09979248046875 70
1750023191510 371.65753173828125 71
1750023191952 371.51824951171875 72
1750023192611 370.6592102050781 73
1750023193059 370.07415771484375 74
1750023193469 369.5509338378906 75
1750023193876 368.9874267578125 76
1750023194296 368.7676696777344 77
1750023194923 368.1001281738281 78
1750023195351 367.6294250488281 79
1750023195781 367.181884765625 80
1750023196235 366.650146484375 81
1750023196830 366.0980529785156 82
1750023197260 365.4413146972656 83
1750023197693 365.03564453125 84
1750023198183 364.7812805175781 85
1750023198828 364.2236633300781 86
1750023199269 363.0949401855469 87
1750023199712 362.8897705078125 88
1750023200154 362.8400573730469 89
1750023200799 362.2394714355469 90
1750023201233 360.85699462890625 91
1750023201656 361.54559326171875 92
1750023202092 360.57110595703125 93
1750023202705 360.2201232910156 94
1750023203175 359.0890808105469 95
1750023203594 359.022705078125 96
1750023204033 358.1808776855469 97
1750023204656 357.5535888671875 98
1750023205080 356.97564697265625 99
1750022931978 417.7832336425781 0
1750022931978 417.7832336425781 0
1750022962651 418.08502197265625 0
1750022931978 417.7832336425781 0
1750022931978 417.7832336425781 0
1750022962651 418.08502197265625 0
1750023019386 417.81414794921875 0
1750023019386 417.81414794921875 0
1750022931978 417.7832336425781 0
1750022931978 417.7832336425781 0
1750022962651 418.08502197265625 0
1750022931978 417.7832336425781 0
1750022931978 417.7832336425781 0
1750022962651 418.08502197265625 0
1750023019386 417.81414794921875 0
1750023019386 417.81414794921875 0
1750023076519 418.01080322265625 0
1750023076519 418.01080322265625 0
1750023076519 418.01080322265625 0
1750022931978 417.7832336425781 0
1750022931978 417.7832336425781 0
1750022962651 418.08502197265625 0
1750022931978 417.7832336425781 0
1750022931978 417.7832336425781 0
1750022962651 418.08502197265625 0
1750023019386 417.81414794921875 0
1750023019386 417.81414794921875 0
1750022931978 417.7832336425781 0
1750022931978 417.7832336425781 0
1750022962651 418.08502197265625 0
1750022931978 417.7832336425781 0
1750022931978 417.7832336425781 0
1750022962651 418.08502197265625 0
1750023019386 417.81414794921875 0
1750023019386 417.81414794921875 0
1750023076519 418.01080322265625 0
1750023076519 418.01080322265625 0
1750023076519 418.01080322265625 0
1750023106834 417.341796875 0
1750023106834 417.341796875 0
1750023106834 417.341796875 0
1750023106834 417.341796875 0
1750022931978 417.7832336425781 0
1750022931978 417.7832336425781 0
1750022962651 418.08502197265625 0
1750022931978 417.7832336425781 0
1750022931978 417.7832336425781 0
1750022962651 418.08502197265625 0
1750023019386 417.81414794921875 0
1750023019386 417.81414794921875 0
1750022931978 417.7832336425781 0
1750022931978 417.7832336425781 0
1750022962651 418.08502197265625 0
1750022931978 417.7832336425781 0
1750022931978 417.7832336425781 0
1750022962651 418.08502197265625 0
1750023019386 417.81414794921875 0
1750023019386 417.81414794921875 0
1750023076519 418.01080322265625 0
1750023076519 418.01080322265625 0
1750023076519 418.01080322265625 0
1750022931978 417.7832336425781 0
1750022931978 417.7832336425781 0
1750022962651 418.08502197265625 0
1750022931978 417.7832336425781 0
1750022931978 417.7832336425781 0
1750022962651 418.08502197265625 0
1750023019386 417.81414794921875 0
1750023019386 417.81414794921875 0
1750022931978 417.7832336425781 0
1750022931978 417.7832336425781 0
1750022962651 418.08502197265625 0
1750022931978 417.7832336425781 0
1750022931978 417.7832336425781 0
1750022962651 418.08502197265625 0
1750023019386 417.81414794921875 0
1750023019386 417.81414794921875 0
1750023076519 418.01080322265625 0
1750023076519 418.01080322265625 0
1750023076519 418.01080322265625 0
1750023106834 417.341796875 0
1750023106834 417.341796875 0
1750023106834 417.341796875 0
1750023106834 417.341796875 0
1750023152578 417.8458557128906 0
1750023152578 417.8458557128906 0
1750023152578 417.8458557128906 0
1750023152578 417.8458557128906 0
1750023152578 417.8458557128906 0
1750023218466 417.7944030761719 0
1750023218466 417.7944030761719 0
1750023218466 417.7944030761719 0
1750023218466 417.7944030761719 0
1750023218466 417.7944030761719 0
1750023218466 417.7944030761719 0
1750023219290 416.8147888183594 1
1750023219883 415.41436767578125 2
1750023220664 413.0235900878906 3
1750023221258 409.2290954589844 4
1750023222046 402.80572509765625 5
1750023222846 392.1917419433594 6
1750023223445 375.74774169921875 7
1750023224208 350.4872131347656 8
1750023224772 312.60528564453125 9
1750023225551 261.1438293457031 10
1750023226169 199.0161895751953 11
1750023226932 143.61993408203125 12
1750023227703 127.44170379638672 13
1750023228295 119.68218994140625 14
1750023229103 114.74480438232422 15
1750023229746 105.2753677368164 16
1750023230536 101.41149139404297 17
1750023231314 94.27692413330078 18
1750023231902 88.20645904541016 19
1750023232690 87.91104125976562 20
1750023233323 84.59349822998047 21
1750023234094 83.72063446044922 22
1750023234682 76.38506317138672 23
1750023235472 77.21131896972656 24
1750023236269 72.31224060058594 25
1750023236913 77.65605926513672 26
1750023237714 71.56494903564453 27
1750023238304 71.56697082519531 28
1750023239107 70.5094985961914 29
1750023239895 69.69593048095703 30
1750023240515 67.10069274902344 31
1750023241301 63.9519157409668 32
1750023241905 66.64348602294922 33
1750023242704 65.16278076171875 34
1750023243306 64.87537384033203 35
1750023244123 61.346221923828125 36
1750023244930 64.244140625 37
1750023245518 64.69760131835938 38
1750023246322 58.957801818847656 39
1750023246933 60.046085357666016 40
1750023247790 60.99788284301758 41
1750023248635 58.838626861572266 42
1750023249231 55.23447036743164 43
1750023250019 57.795528411865234 44
1750023250618 59.90310287475586 45
1750023251468 60.63818359375 46
1750023252243 55.04887008666992 47
1750023252868 56.506195068359375 48
1750023253661 54.92151641845703 49
1750023254263 61.320777893066406 50
1750023255051 56.208030700683594 51
1750023255831 55.21466064453125 52
1750023256432 56.22372055053711 53
1750023257222 54.608863830566406 54
1750023257830 58.075836181640625 55
1750023258684 58.5613899230957 56
1750023259435 54.44919967651367 57
1750023260042 52.47639083862305 58
1750023260838 55.13323211669922 59
1750023261899 51.77821350097656 60
1750023262650 52.14853286743164 61
1750023263248 52.90689468383789 62
1750023264067 55.18419647216797 63
1750023264867 54.35682678222656 64
1750023265428 53.779457092285156 65
1750023266244 50.75288009643555 66
1750023266836 56.511722564697266 67
1750023267660 51.989261627197266 68
1750023268476 51.16482925415039 69
1750023269014 53.487876892089844 70
1750023269742 51.26120376586914 71
1750023270297 53.150325775146484 72
1750023271015 51.021610260009766 73
1750023271832 49.7741813659668 74
1750023272431 51.52151107788086 75
1750023273214 53.16751480102539 76
1750023273775 53.79507827758789 77
1750023274520 53.180503845214844 78
1750023275245 49.06659698486328 79
1750023275821 50.22685623168945 80
1750023276652 53.97879409790039 81
1750023277451 52.83925247192383 82
1750023278060 53.742225646972656 83
1750023278811 50.94954299926758 84
1750023279377 51.706905364990234 85
1750023280134 48.91372299194336 86
1750023280871 50.01369094848633 87
1750022931978 417.7832336425781 0
1750022931978 417.7832336425781 0
1750022962651 418.08502197265625 0
1750022931978 417.7832336425781 0
1750022931978 417.7832336425781 0
1750022962651 418.08502197265625 0
1750023019386 417.81414794921875 0
1750023019386 417.81414794921875 0
1750022931978 417.7832336425781 0
1750022931978 417.7832336425781 0
1750022962651 418.08502197265625 0
1750022931978 417.7832336425781 0
1750022931978 417.7832336425781 0
1750022962651 418.08502197265625 0
1750023019386 417.81414794921875 0
1750023019386 417.81414794921875 0
1750023076519 418.01080322265625 0
1750023076519 418.01080322265625 0
1750023076519 418.01080322265625 0
1750022931978 417.7832336425781 0
1750022931978 417.7832336425781 0
1750022962651 418.08502197265625 0
1750022931978 417.7832336425781 0
1750022931978 417.7832336425781 0
1750022962651 418.08502197265625 0
1750023019386 417.81414794921875 0
1750023019386 417.81414794921875 0
1750022931978 417.7832336425781 0
1750022931978 417.7832336425781 0
1750022962651 418.08502197265625 0
1750022931978 417.7832336425781 0
1750022931978 417.7832336425781 0
1750022962651 418.08502197265625 0
1750023019386 417.81414794921875 0
1750023019386 417.81414794921875 0
1750023076519 418.01080322265625 0
1750023076519 418.01080322265625 0
1750023076519 418.01080322265625 0
1750023106834 417.341796875 0
1750023106834 417.341796875 0
1750023106834 417.341796875 0
1750023106834 417.341796875 0
1750022931978 417.7832336425781 0
1750022931978 417.7832336425781 0
1750022962651 418.08502197265625 0
1750022931978 417.7832336425781 0
1750022931978 417.7832336425781 0
1750022962651 418.08502197265625 0
1750023019386 417.81414794921875 0
1750023019386 417.81414794921875 0
1750022931978 417.7832336425781 0
1750022931978 417.7832336425781 0
1750022962651 418.08502197265625 0
1750022931978 417.7832336425781 0
1750022931978 417.7832336425781 0
1750022962651 418.08502197265625 0
1750023019386 417.81414794921875 0
1750023019386 417.81414794921875 0
1750023076519 418.01080322265625 0
1750023076519 418.01080322265625 0
1750023076519 418.01080322265625 0
1750022931978 417.7832336425781 0
1750022931978 417.7832336425781 0
1750022962651 418.08502197265625 0
1750022931978 417.7832336425781 0
1750022931978 417.7832336425781 0
1750022962651 418.08502197265625 0
1750023019386 417.81414794921875 0
1750023019386 417.81414794921875 0
1750022931978 417.7832336425781 0
1750022931978 417.7832336425781 0
1750022962651 418.08502197265625 0
1750022931978 417.7832336425781 0
1750022931978 417.7832336425781 0
1750022962651 418.08502197265625 0
1750023019386 417.81414794921875 0
1750023019386 417.81414794921875 0
1750023076519 418.01080322265625 0
1750023076519 418.01080322265625 0
1750023076519 418.01080322265625 0
1750023106834 417.341796875 0
1750023106834 417.341796875 0
1750023106834 417.341796875 0
1750023106834 417.341796875 0
1750023152578 417.8458557128906 0
1750023152578 417.8458557128906 0
1750023152578 417.8458557128906 0
1750023152578 417.8458557128906 0
1750023152578 417.8458557128906 0
1750022931978 417.7832336425781 0
1750022931978 417.7832336425781 0
1750022962651 418.08502197265625 0
1750022931978 417.7832336425781 0
1750022931978 417.7832336425781 0
1750022962651 418.08502197265625 0
1750023019386 417.81414794921875 0
1750023019386 417.81414794921875 0
1750022931978 417.7832336425781 0
1750022931978 417.7832336425781 0
1750022962651 418.08502197265625 0
1750022931978 417.7832336425781 0
1750022931978 417.7832336425781 0
1750022962651 418.08502197265625 0
1750023019386 417.81414794921875 0
1750023019386 417.81414794921875 0
1750023076519 418.01080322265625 0
1750023076519 418.01080322265625 0
1750023076519 418.01080322265625 0
1750022931978 417.7832336425781 0
1750022931978 417.7832336425781 0
1750022962651 418.08502197265625 0
1750022931978 417.7832336425781 0
1750022931978 417.7832336425781 0
1750022962651 418.08502197265625 0
1750023019386 417.81414794921875 0
1750023019386 417.81414794921875 0
1750022931978 417.7832336425781 0
1750022931978 417.7832336425781 0
1750022962651 418.08502197265625 0
1750022931978 417.7832336425781 0
1750022931978 417.7832336425781 0
1750022962651 418.08502197265625 0
1750023019386 417.81414794921875 0
1750023019386 417.81414794921875 0
1750023076519 418.01080322265625 0
1750023076519 418.01080322265625 0
1750023076519 418.01080322265625 0
1750023106834 417.341796875 0
1750023106834 417.341796875 0
1750023106834 417.341796875 0
1750023106834 417.341796875 0
1750022931978 417.7832336425781 0
1750022931978 417.7832336425781 0
1750022962651 418.08502197265625 0
1750022931978 417.7832336425781 0
1750022931978 417.7832336425781 0
1750022962651 418.08502197265625 0
1750023019386 417.81414794921875 0
1750023019386 417.81414794921875 0
1750022931978 417.7832336425781 0
1750022931978 417.7832336425781 0
1750022962651 418.08502197265625 0
1750022931978 417.7832336425781 0
1750022931978 417.7832336425781 0
1750022962651 418.08502197265625 0
1750023019386 417.81414794921875 0
1750023019386 417.81414794921875 0
1750023076519 418.01080322265625 0
1750023076519 418.01080322265625 0
1750023076519 418.01080322265625 0
1750022931978 417.7832336425781 0
1750022931978 417.7832336425781 0
1750022962651 418.08502197265625 0
1750022931978 417.7832336425781 0
1750022931978 417.7832336425781 0
1750022962651 418.08502197265625 0
1750023019386 417.81414794921875 0
1750023019386 417.81414794921875 0
1750022931978 417.7832336425781 0
1750022931978 417.7832336425781 0
1750022962651 418.08502197265625 0
1750022931978 417.7832336425781 0
1750022931978 417.7832336425781 0
1750022962651 418.08502197265625 0
1750023019386 417.81414794921875 0
1750023019386 417.81414794921875 0
1750023076519 418.01080322265625 0
1750023076519 418.01080322265625 0
1750023076519 418.01080322265625 0
1750023106834 417.341796875 0
1750023106834 417.341796875 0
1750023106834 417.341796875 0
1750023106834 417.341796875 0
1750023152578 417.8458557128906 0
1750023152578 417.8458557128906 0
1750023152578 417.8458557128906 0
1750023152578 417.8458557128906 0
1750023152578 417.8458557128906 0
1750023218466 417.7944030761719 0
1750023218466 417.7944030761719 0
1750023218466 417.7944030761719 0
1750023218466 417.7944030761719 0
1750023218466 417.7944030761719 0
1750023218466 417.7944030761719 0
1750023295890 52.83925247192383 88
1750023298449 417.9900207519531 0
1750023298449 417.9900207519531 0
1750023298449 417.9900207519531 0
1750023298449 417.9900207519531 0
1750023298449 417.9900207519531 0
1750023298449 417.9900207519531 0
1750023298449 417.9900207519531 0
1750023299967 417.7814636230469 1
1750023301121 417.6175842285156 2
1750023302263 417.26092529296875 3
1750023303404 416.79638671875 4
1750023304831 416.2663879394531 5
1750023305994 415.3931579589844 6
1750023307195 414.16632080078125 7
1750023308560 412.5649719238281 8
1750023309745 410.909912109375 9
1750023310887 409.2094421386719 10
1750023312043 407.79095458984375 11
1750023313484 406.1116943359375 12
1750023314634 404.53448486328125 13
1750023315790 402.6785583496094 14
1750023317135 400.8008728027344 15
1750023318306 399.4941101074219 16
1750023319476 398.374267578125 17
1750023320725 397.43792724609375 18
1750023322090 396.76776123046875 19
1750023323295 395.9947204589844 20
1750023324490 395.33294677734375 21
1750023325843 394.5445556640625 22
1750023326991 393.88616943359375 23
1750023328196 393.154296875 24
1750023329382 392.3800964355469 25
1750023330745 391.91876220703125 26
1750023331906 391.28131103515625 27
1750023333134 390.7008972167969 28
1750023334553 389.89520263671875 29
1750023335777 389.35137939453125 30
1750023336954 388.65606689453125 31
1750023338378 388.0878601074219 32
1750023339601 387.6941833496094 33
1750023340830 386.9276428222656 34
1750023342068 386.4272766113281 35
1750023343447 385.72149658203125 36
1750023344595 384.94512939453125 37
1750023345741 384.6366271972656 38
1750023347072 383.94952392578125 39
1750023348351 383.4306335449219 40
1750023349518 382.7649230957031 41
1750023350839 382.3528137207031 42
1750023351977 381.6717834472656 43
1750023353176 381.2030029296875 44
1750023354355 380.4565124511719 45
1750023355722 379.9366455078125 46
1750023356896 379.5626220703125 47
1750023358074 378.8957214355469 48
1750023359421 378.4344482421875 49
1750023360724 377.6799621582031 50
1750023361922 377.3555603027344 51
1750023363080 376.364013671875 52
1750023364434 375.868408203125 53
1750023365597 375.4399108886719 54
1750023366804 374.7941589355469 55
1750023368142 374.64056396484375 56
1750023369279 373.9042053222656 57
1750023370471 373.2057800292969 58
1750023371800 372.8387756347656 59
1750023372991 372.14459228515625 60
1750023374155 371.7410583496094 61
1750023375400 371.15869140625 62
1750023376755 370.7315979003906 63
1750023377926 370.18780517578125 64
1750023379116 369.8305358886719 65
1750023380501 369.1694641113281 66
1750023381675 368.6226806640625 67
1750023382846 368.0210266113281 68
1750023384246 367.4170837402344 69
1750023385416 367.0330505371094 70
1750023386563 366.7585754394531 71
1750023387725 366.0929260253906 72
1750023389130 365.21063232421875 73
1750023390316 364.7061462402344 74
1750023391455 364.1385803222656 75
1750023392649 363.78643798828125 76
1750023394010 363.2609558105469 77
1750023395171 362.6960144042969 78
1750023396310 362.06146240234375 79
1750023397461 361.71856689453125 80
1750023398847 361.3467712402344 81
1750023400088 360.70635986328125 82
1750023401319 360.1790771484375 83
1750023402667 359.69232177734375 84
1750023403881 359.2402038574219 85
1750023405130 358.59002685546875 86
1750023406518 357.9254455566406 87
1750023407775 357.5386047363281 88
1750023409054 356.9262390136719 89
1750023410485 356.6248779296875 90
1750023411718 355.82952880859375 91
1750023413004 355.42486572265625 92
1750023414408 354.893798828125 93
1750023415620 354.5050354003906 94
1750023416815 354.15289306640625 95
1750023418268 353.55206298828125 96
1750023419482 353.03277587890625 97
1750023420699 352.4083251953125 98
1750023422116 352.00811767578125 99
1750022931978 417.7832336425781 0
1750022931978 417.7832336425781 0
1750022962651 418.08502197265625 0
1750022931978 417.7832336425781 0
1750022931978 417.7832336425781 0
1750022962651 418.08502197265625 0
1750023019386 417.81414794921875 0
1750023019386 417.81414794921875 0
1750022931978 417.7832336425781 0
1750022931978 417.7832336425781 0
1750022962651 418.08502197265625 0
1750022931978 417.7832336425781 0
1750022931978 417.7832336425781 0
1750022962651 418.08502197265625 0
1750023019386 417.81414794921875 0
1750023019386 417.81414794921875 0
1750023076519 418.01080322265625 0
1750023076519 418.01080322265625 0
1750023076519 418.01080322265625 0
1750022931978 417.7832336425781 0
1750022931978 417.7832336425781 0
1750022962651 418.08502197265625 0
1750022931978 417.7832336425781 0
1750022931978 417.7832336425781 0
1750022962651 418.08502197265625 0
1750023019386 417.81414794921875 0
1750023019386 417.81414794921875 0
1750022931978 417.7832336425781 0
1750022931978 417.7832336425781 0
1750022962651 418.08502197265625 0
1750022931978 417.7832336425781 0
1750022931978 417.7832336425781 0
1750022962651 418.08502197265625 0
1750023019386 417.81414794921875 0
1750023019386 417.81414794921875 0
1750023076519 418.01080322265625 0
1750023076519 418.01080322265625 0
1750023076519 418.01080322265625 0
1750023106834 417.341796875 0
1750023106834 417.341796875 0
1750023106834 417.341796875 0
1750023106834 417.341796875 0
1750022931978 417.7832336425781 0
1750022931978 417.7832336425781 0
1750022962651 418.08502197265625 0
1750022931978 417.7832336425781 0
1750022931978 417.7832336425781 0
1750022962651 418.08502197265625 0
1750023019386 417.81414794921875 0
1750023019386 417.81414794921875 0
1750022931978 417.7832336425781 0
1750022931978 417.7832336425781 0
1750022962651 418.08502197265625 0
1750022931978 417.7832336425781 0
1750022931978 417.7832336425781 0
1750022962651 418.08502197265625 0
1750023019386 417.81414794921875 0
1750023019386 417.81414794921875 0
1750023076519 418.01080322265625 0
1750023076519 418.01080322265625 0
1750023076519 418.01080322265625 0
1750022931978 417.7832336425781 0
1750022931978 417.7832336425781 0
1750022962651 418.08502197265625 0
1750022931978 417.7832336425781 0
1750022931978 417.7832336425781 0
1750022962651 418.08502197265625 0
1750023019386 417.81414794921875 0
1750023019386 417.81414794921875 0
1750022931978 417.7832336425781 0
1750022931978 417.7832336425781 0
1750022962651 418.08502197265625 0
1750022931978 417.7832336425781 0
1750022931978 417.7832336425781 0
1750022962651 418.08502197265625 0
1750023019386 417.81414794921875 0
1750023019386 417.81414794921875 0
1750023076519 418.01080322265625 0
1750023076519 418.01080322265625 0
1750023076519 418.01080322265625 0
1750023106834 417.341796875 0
1750023106834 417.341796875 0
1750023106834 417.341796875 0
1750023106834 417.341796875 0
1750023152578 417.8458557128906 0
1750023152578 417.8458557128906 0
1750023152578 417.8458557128906 0
1750023152578 417.8458557128906 0
1750023152578 417.8458557128906 0
1750022931978 417.7832336425781 0
1750022931978 417.7832336425781 0
1750022962651 418.08502197265625 0
1750022931978 417.7832336425781 0
1750022931978 417.7832336425781 0
1750022962651 418.08502197265625 0
1750023019386 417.81414794921875 0
1750023019386 417.81414794921875 0
1750022931978 417.7832336425781 0
1750022931978 417.7832336425781 0
1750022962651 418.08502197265625 0
1750022931978 417.7832336425781 0
1750022931978 417.7832336425781 0
1750022962651 418.08502197265625 0
1750023019386 417.81414794921875 0
1750023019386 417.81414794921875 0
1750023076519 418.01080322265625 0
1750023076519 418.01080322265625 0
1750023076519 418.01080322265625 0
1750022931978 417.7832336425781 0
1750022931978 417.7832336425781 0
1750022962651 418.08502197265625 0
1750022931978 417.7832336425781 0
1750022931978 417.7832336425781 0
1750022962651 418.08502197265625 0
1750023019386 417.81414794921875 0
1750023019386 417.81414794921875 0
1750022931978 417.7832336425781 0
1750022931978 417.7832336425781 0
1750022962651 418.08502197265625 0
1750022931978 417.7832336425781 0
1750022931978 417.7832336425781 0
1750022962651 418.08502197265625 0
1750023019386 417.81414794921875 0
1750023019386 417.81414794921875 0
1750023076519 418.01080322265625 0
1750023076519 418.01080322265625 0
1750023076519 418.01080322265625 0
1750023106834 417.341796875 0
1750023106834 417.341796875 0
1750023106834 417.341796875 0
1750023106834 417.341796875 0
1750022931978 417.7832336425781 0
1750022931978 417.7832336425781 0
1750022962651 418.08502197265625 0
1750022931978 417.7832336425781 0
1750022931978 417.7832336425781 0
1750022962651 418.08502197265625 0
1750023019386 417.81414794921875 0
1750023019386 417.81414794921875 0
1750022931978 417.7832336425781 0
1750022931978 417.7832336425781 0
1750022962651 418.08502197265625 0
1750022931978 417.7832336425781 0
1750022931978 417.7832336425781 0
1750022962651 418.08502197265625 0
1750023019386 417.81414794921875 0
1750023019386 417.81414794921875 0
1750023076519 418.01080322265625 0
1750023076519 418.01080322265625 0
1750023076519 418.01080322265625 0
1750022931978 417.7832336425781 0
1750022931978 417.7832336425781 0
1750022962651 418.08502197265625 0
1750022931978 417.7832336425781 0
1750022931978 417.7832336425781 0
1750022962651 418.08502197265625 0
1750023019386 417.81414794921875 0
1750023019386 417.81414794921875 0
1750022931978 417.7832336425781 0
1750022931978 417.7832336425781 0
1750022962651 418.08502197265625 0
1750022931978 417.7832336425781 0
1750022931978 417.7832336425781 0
1750022962651 418.08502197265625 0
1750023019386 417.81414794921875 0
1750023019386 417.81414794921875 0
1750023076519 418.01080322265625 0
1750023076519 418.01080322265625 0
1750023076519 418.01080322265625 0
1750023106834 417.341796875 0
1750023106834 417.341796875 0
1750023106834 417.341796875 0
1750023106834 417.341796875 0
1750023152578 417.8458557128906 0
1750023152578 417.8458557128906 0
1750023152578 417.8458557128906 0
1750023152578 417.8458557128906 0
1750023152578 417.8458557128906 0
1750023218466 417.7944030761719 0
1750023218466 417.7944030761719 0
1750023218466 417.7944030761719 0
1750023218466 417.7944030761719 0
1750023218466 417.7944030761719 0
1750023218466 417.7944030761719 0
1750022931978 417.7832336425781 0
1750022931978 417.7832336425781 0
1750022962651 418.08502197265625 0
1750022931978 417.7832336425781 0
1750022931978 417.7832336425781 0
1750022962651 418.08502197265625 0
1750023019386 417.81414794921875 0
1750023019386 417.81414794921875 0
1750022931978 417.7832336425781 0
1750022931978 417.7832336425781 0
1750022962651 418.08502197265625 0
1750022931978 417.7832336425781 0
1750022931978 417.7832336425781 0
1750022962651 418.08502197265625 0
1750023019386 417.81414794921875 0
1750023019386 417.81414794921875 0
1750023076519 418.01080322265625 0
1750023076519 418.01080322265625 0
1750023076519 418.01080322265625 0
1750022931978 417.7832336425781 0
1750022931978 417.7832336425781 0
1750022962651 418.08502197265625 0
1750022931978 417.7832336425781 0
1750022931978 417.7832336425781 0
1750022962651 418.08502197265625 0
1750023019386 417.81414794921875 0
1750023019386 417.81414794921875 0
1750022931978 417.7832336425781 0
1750022931978 417.7832336425781 0
1750022962651 418.08502197265625 0
1750022931978 417.7832336425781 0
1750022931978 417.7832336425781 0
1750022962651 418.08502197265625 0
1750023019386 417.81414794921875 0
1750023019386 417.81414794921875 0
1750023076519 418.01080322265625 0
1750023076519 418.01080322265625 0
1750023076519 418.01080322265625 0
1750023106834 417.341796875 0
1750023106834 417.341796875 0
1750023106834 417.341796875 0
1750023106834 417.341796875 0
1750022931978 417.7832336425781 0
1750022931978 417.7832336425781 0
1750022962651 418.08502197265625 0
1750022931978 417.7832336425781 0
1750022931978 417.7832336425781 0
1750022962651 418.08502197265625 0
1750023019386 417.81414794921875 0
1750023019386 417.81414794921875 0
1750022931978 417.7832336425781 0
1750022931978 417.7832336425781 0
1750022962651 418.08502197265625 0
1750022931978 417.7832336425781 0
1750022931978 417.7832336425781 0
1750022962651 418.08502197265625 0
1750023019386 417.81414794921875 0
1750023019386 417.81414794921875 0
1750023076519 418.01080322265625 0
1750023076519 418.01080322265625 0
1750023076519 418.01080322265625 0
1750022931978 417.7832336425781 0
1750022931978 417.7832336425781 0
1750022962651 418.08502197265625 0
1750022931978 417.7832336425781 0
1750022931978 417.7832336425781 0
1750022962651 418.08502197265625 0
1750023019386 417.81414794921875 0
1750023019386 417.81414794921875 0
1750022931978 417.7832336425781 0
1750022931978 417.7832336425781 0
1750022962651 418.08502197265625 0
1750022931978 417.7832336425781 0
1750022931978 417.7832336425781 0
1750022962651 418.08502197265625 0
1750023019386 417.81414794921875 0
1750023019386 417.81414794921875 0
1750023076519 418.01080322265625 0
1750023076519 418.01080322265625 0
1750023076519 418.01080322265625 0
1750023106834 417.341796875 0
1750023106834 417.341796875 0
1750023106834 417.341796875 0
1750023106834 417.341796875 0
1750023152578 417.8458557128906 0
1750023152578 417.8458557128906 0
1750023152578 417.8458557128906 0
1750023152578 417.8458557128906 0
1750023152578 417.8458557128906 0
1750022931978 417.7832336425781 0
1750022931978 417.7832336425781 0
1750022962651 418.08502197265625 0
1750022931978 417.7832336425781 0
1750022931978 417.7832336425781 0
1750022962651 418.08502197265625 0
1750023019386 417.81414794921875 0
1750023019386 417.81414794921875 0
1750022931978 417.7832336425781 0
1750022931978 417.7832336425781 0
1750022962651 418.08502197265625 0
1750022931978 417.7832336425781 0
1750022931978 417.7832336425781 0
1750022962651 418.08502197265625 0
1750023019386 417.81414794921875 0
1750023019386 417.81414794921875 0
1750023076519 418.01080322265625 0
1750023076519 418.01080322265625 0
1750023076519 418.01080322265625 0
1750022931978 417.7832336425781 0
1750022931978 417.7832336425781 0
1750022962651 418.08502197265625 0
1750022931978 417.7832336425781 0
1750022931978 417.7832336425781 0
1750022962651 418.08502197265625 0
1750023019386 417.81414794921875 0
1750023019386 417.81414794921875 0
1750022931978 417.7832336425781 0
1750022931978 417.7832336425781 0
1750022962651 418.08502197265625 0
1750022931978 417.7832336425781 0
1750022931978 417.7832336425781 0
1750022962651 418.08502197265625 0
1750023019386 417.81414794921875 0
1750023019386 417.81414794921875 0
1750023076519 418.01080322265625 0
1750023076519 418.01080322265625 0
1750023076519 418.01080322265625 0
1750023106834 417.341796875 0
1750023106834 417.341796875 0
1750023106834 417.341796875 0
1750023106834 417.341796875 0
1750022931978 417.7832336425781 0
1750022931978 417.7832336425781 0
1750022962651 418.08502197265625 0
1750022931978 417.7832336425781 0
1750022931978 417.7832336425781 0
1750022962651 418.08502197265625 0
1750023019386 417.81414794921875 0
1750023019386 417.81414794921875 0
1750022931978 417.7832336425781 0
1750022931978 417.7832336425781 0
1750022962651 418.08502197265625 0
1750022931978 417.7832336425781 0
1750022931978 417.7832336425781 0
1750022962651 418.08502197265625 0
1750023019386 417.81414794921875 0
1750023019386 417.81414794921875 0
1750023076519 418.01080322265625 0
1750023076519 418.01080322265625 0
1750023076519 418.01080322265625 0
1750022931978 417.7832336425781 0
1750022931978 417.7832336425781 0
1750022962651 418.08502197265625 0
1750022931978 417.7832336425781 0
1750022931978 417.7832336425781 0
1750022962651 418.08502197265625 0
1750023019386 417.81414794921875 0
1750023019386 417.81414794921875 0
1750022931978 417.7832336425781 0
1750022931978 417.7832336425781 0
1750022962651 418.08502197265625 0
1750022931978 417.7832336425781 0
1750022931978 417.7832336425781 0
1750022962651 418.08502197265625 0
1750023019386 417.81414794921875 0
1750023019386 417.81414794921875 0
1750023076519 418.01080322265625 0
1750023076519 418.01080322265625 0
1750023076519 418.01080322265625 0
1750023106834 417.341796875 0
1750023106834 417.341796875 0
1750023106834 417.341796875 0
1750023106834 417.341796875 0
1750023152578 417.8458557128906 0
1750023152578 417.8458557128906 0
1750023152578 417.8458557128906 0
1750023152578 417.8458557128906 0
1750023152578 417.8458557128906 0
1750023218466 417.7944030761719 0
1750023218466 417.7944030761719 0
1750023218466 417.7944030761719 0
1750023218466 417.7944030761719 0
1750023218466 417.7944030761719 0
1750023218466 417.7944030761719 0
1750023298449 417.9900207519531 0
1750023298449 417.9900207519531 0
1750023298449 417.9900207519531 0
1750023298449 417.9900207519531 0
1750023298449 417.9900207519531 0
1750023298449 417.9900207519531 0
1750023298449 417.9900207519531 0
1750023449466 417.962158203125 0
1750023449466 417.962158203125 0
1750023449466 417.962158203125 0
1750023449466 417.962158203125 0
1750023449466 417.962158203125 0
1750023449466 417.962158203125 0
1750023449466 417.962158203125 0
1750023449466 417.962158203125 0
1750023451916 417.6731262207031 1
1750023454093 417.4462585449219 2
1750023456383 417.18206787109375 3
1750023458504 416.61920166015625 4
1750023460817 416.4907531738281 5
1750023463146 415.7845764160156 6
1750023465249 415.0283508300781 7
1750023467542 414.2824401855469 8
1750023469928 413.4403991699219 9
1750023471995 412.24237060546875 10
1750023474213 411.18731689453125 11
1750023476448 409.83453369140625 12
1750023478897 408.5648498535156 13
1750023480574 407.24267578125 14
1750023482424 406.14447021484375 15
1750023484096 404.62371826171875 16
1750023485896 403.369384765625 17
1750023487729 402.16619873046875 18
1750023489528 401.2467041015625 19
1750023491186 400.17010498046875 20
1750023493007 399.721435546875 21
1750023494674 398.7546691894531 22
1750023496483 398.3333435058594 23
1750023498281 397.2887878417969 24
1750023500091 396.8031005859375 25
1750023501751 396.4183654785156 26
1750023503534 395.7107849121094 27
1750023505203 394.9468078613281 28
1750023507046 394.46533203125 29
1750023508853 394.2813720703125 30
1750023510508 393.3473815917969 31
1750023512309 393.9675598144531 32
1750023514135 392.8066711425781 33
1750023515921 391.76513671875 34
1750023517573 391.63763427734375 35
1750023519379 391.14324951171875 36
1750023521038 390.6349182128906 37
1750023522826 390.1724548339844 38
1750023524634 389.6994934082031 39
1750023526285 388.9299621582031 40
1750023528066 388.38409423828125 41
1750023529838 388.1458740234375 42
1750023531661 387.6966857910156 43
1750023533300 387.289306640625 44
1750023535093 386.3700256347656 45
1750023536852 385.2584228515625 46
1750023538676 385.4419250488281 47
1750023540494 384.935302734375 48
1750023542197 383.65399169921875 49
1750023543991 383.7771301269531 50
1750023545775 383.1880187988281 51
1750023547456 382.6075744628906 52
1750023549447 382.4320373535156 53
1750023551244 382.0041809082031 54
1750023552922 380.98980712890625 55
1750023554762 380.6912841796875 56
1750023556568 380.03460693359375 57
1750023558223 380.0428771972656 58
1750023560039 379.5799865722656 59
1750023561812 378.48388671875 60
1750023563603 378.2862548828125 61
1750023565252 377.91168212890625 62
1750023567057 377.319091796875 63
1750023568695 377.296142578125 64
1750023570482 376.5716552734375 65
1750023572301 375.89654541015625 66
1750023573976 375.2115478515625 67
1750023575770 374.7886047363281 68
1750023577558 374.05572509765625 69
1750023579276 373.343505859375 70
1750023581059 372.7506103515625 71
1750023582850 372.8296813964844 72
1750023584544 371.7257080078125 73
1750023586340 372.26556396484375 74
1750023588123 371.533935546875 75
1750023589785 370.8607482910156 76
1750023591607 369.2624816894531 77
1750023593410 370.0555419921875 78
1750023595213 369.1434326171875 79
1750023599062 368.3898620605469 80
1750023603377 367.2950744628906 81
1750023606601 367.43408203125 82
1750023609347 367.4007873535156 83
1750023612348 366.77313232421875 84
1750023615148 365.79156494140625 85
1750023620154 365.8350830078125 86
1750023622789 365.1587219238281 87
1750023625485 363.77496337890625 88
1750023627895 363.78277587890625 89
1750023630443 363.7136535644531 90
1750023635509 362.5829162597656 91
1750023637794 362.0180358886719 92
1750023640267 361.3932189941406 93
1750023642817 360.72314453125 94
1750023645045 360.7419128417969 95
1750023647652 361.02239990234375 96
1750023649889 360.02008056640625 97
1750023652489 359.6346740722656 98
1750023654926 358.9029541015625 99
1750022931978 417.7832336425781 0
1750022931978 417.7832336425781 0
1750022962651 418.08502197265625 0
1750022931978 417.7832336425781 0
1750022931978 417.7832336425781 0
1750022962651 418.08502197265625 0
1750023019386 417.81414794921875 0
1750023019386 417.81414794921875 0
1750022931978 417.7832336425781 0
1750022931978 417.7832336425781 0
1750022962651 418.08502197265625 0
1750022931978 417.7832336425781 0
1750022931978 417.7832336425781 0
1750022962651 418.08502197265625 0
1750023019386 417.81414794921875 0
1750023019386 417.81414794921875 0
1750023076519 418.01080322265625 0
1750023076519 418.01080322265625 0
1750023076519 418.01080322265625 0
1750022931978 417.7832336425781 0
1750022931978 417.7832336425781 0
1750022962651 418.08502197265625 0
1750022931978 417.7832336425781 0
1750022931978 417.7832336425781 0
1750022962651 418.08502197265625 0
1750023019386 417.81414794921875 0
1750023019386 417.81414794921875 0
1750022931978 417.7832336425781 0
1750022931978 417.7832336425781 0
1750022962651 418.08502197265625 0
1750022931978 417.7832336425781 0
1750022931978 417.7832336425781 0
1750022962651 418.08502197265625 0
1750023019386 417.81414794921875 0
1750023019386 417.81414794921875 0
1750023076519 418.01080322265625 0
1750023076519 418.01080322265625 0
1750023076519 418.01080322265625 0
1750023106834 417.341796875 0
1750023106834 417.341796875 0
1750023106834 417.341796875 0
1750023106834 417.341796875 0
1750022931978 417.7832336425781 0
1750022931978 417.7832336425781 0
1750022962651 418.08502197265625 0
1750022931978 417.7832336425781 0
1750022931978 417.7832336425781 0
1750022962651 418.08502197265625 0
1750023019386 417.81414794921875 0
1750023019386 417.81414794921875 0
1750022931978 417.7832336425781 0
1750022931978 417.7832336425781 0
1750022962651 418.08502197265625 0
1750022931978 417.7832336425781 0
1750022931978 417.7832336425781 0
1750022962651 418.08502197265625 0
1750023019386 417.81414794921875 0
1750023019386 417.81414794921875 0
1750023076519 418.01080322265625 0
1750023076519 418.01080322265625 0
1750023076519 418.01080322265625 0
1750022931978 417.7832336425781 0
1750022931978 417.7832336425781 0
1750022962651 418.08502197265625 0
1750022931978 417.7832336425781 0
1750022931978 417.7832336425781 0
1750022962651 418.08502197265625 0
1750023019386 417.81414794921875 0
1750023019386 417.81414794921875 0
1750022931978 417.7832336425781 0
1750022931978 417.7832336425781 0
1750022962651 418.08502197265625 0
1750022931978 417.7832336425781 0
1750022931978 417.7832336425781 0
1750022962651 418.08502197265625 0
1750023019386 417.81414794921875 0
1750023019386 417.81414794921875 0
1750023076519 418.01080322265625 0
1750023076519 418.01080322265625 0
1750023076519 418.01080322265625 0
1750023106834 417.341796875 0
1750023106834 417.341796875 0
1750023106834 417.341796875 0
1750023106834 417.341796875 0
1750023152578 417.8458557128906 0
1750023152578 417.8458557128906 0
1750023152578 417.8458557128906 0
1750023152578 417.8458557128906 0
1750023152578 417.8458557128906 0
1750022931978 417.7832336425781 0
1750022931978 417.7832336425781 0
1750022962651 418.08502197265625 0
1750022931978 417.7832336425781 0
1750022931978 417.7832336425781 0
1750022962651 418.08502197265625 0
1750023019386 417.81414794921875 0
1750023019386 417.81414794921875 0
1750022931978 417.7832336425781 0
1750022931978 417.7832336425781 0
1750022962651 418.08502197265625 0
1750022931978 417.7832336425781 0
1750022931978 417.7832336425781 0
1750022962651 418.08502197265625 0
1750023019386 417.81414794921875 0
1750023019386 417.81414794921875 0
1750023076519 418.01080322265625 0
1750023076519 418.01080322265625 0
1750023076519 418.01080322265625 0
1750022931978 417.7832336425781 0
1750022931978 417.7832336425781 0
1750022962651 418.08502197265625 0
1750022931978 417.7832336425781 0
1750022931978 417.7832336425781 0
1750022962651 418.08502197265625 0
1750023019386 417.81414794921875 0
1750023019386 417.81414794921875 0
1750022931978 417.7832336425781 0
1750022931978 417.7832336425781 0
1750022962651 418.08502197265625 0
1750022931978 417.7832336425781 0
1750022931978 417.7832336425781 0
1750022962651 418.08502197265625 0
1750023019386 417.81414794921875 0
1750023019386 417.81414794921875 0
1750023076519 418.01080322265625 0
1750023076519 418.01080322265625 0
1750023076519 418.01080322265625 0
1750023106834 417.341796875 0
1750023106834 417.341796875 0
1750023106834 417.341796875 0
1750023106834 417.341796875 0
1750022931978 417.7832336425781 0
1750022931978 417.7832336425781 0
1750022962651 418.08502197265625 0
1750022931978 417.7832336425781 0
1750022931978 417.7832336425781 0
1750022962651 418.08502197265625 0
1750023019386 417.81414794921875 0
1750023019386 417.81414794921875 0
1750022931978 417.7832336425781 0
1750022931978 417.7832336425781 0
1750022962651 418.08502197265625 0
1750022931978 417.7832336425781 0
1750022931978 417.7832336425781 0
1750022962651 418.08502197265625 0
1750023019386 417.81414794921875 0
1750023019386 417.81414794921875 0
1750023076519 418.01080322265625 0
1750023076519 418.01080322265625 0
1750023076519 418.01080322265625 0
1750022931978 417.7832336425781 0
1750022931978 417.7832336425781 0
1750022962651 418.08502197265625 0
1750022931978 417.7832336425781 0
1750022931978 417.7832336425781 0
1750022962651 418.08502197265625 0
1750023019386 417.81414794921875 0
1750023019386 417.81414794921875 0
1750022931978 417.7832336425781 0
1750022931978 417.7832336425781 0
1750022962651 418.08502197265625 0
1750022931978 417.7832336425781 0
1750022931978 417.7832336425781 0
1750022962651 418.08502197265625 0
1750023019386 417.81414794921875 0
1750023019386 417.81414794921875 0
1750023076519 418.01080322265625 0
1750023076519 418.01080322265625 0
1750023076519 418.01080322265625 0
1750023106834 417.341796875 0
1750023106834 417.341796875 0
1750023106834 417.341796875 0
1750023106834 417.341796875 0
1750023152578 417.8458557128906 0
1750023152578 417.8458557128906 0
1750023152578 417.8458557128906 0
1750023152578 417.8458557128906 0
1750023152578 417.8458557128906 0
1750023218466 417.7944030761719 0
1750023218466 417.7944030761719 0
1750023218466 417.7944030761719 0
1750023218466 417.7944030761719 0
1750023218466 417.7944030761719 0
1750023218466 417.7944030761719 0
1750022931978 417.7832336425781 0
1750022931978 417.7832336425781 0
1750022962651 418.08502197265625 0
1750022931978 417.7832336425781 0
1750022931978 417.7832336425781 0
1750022962651 418.08502197265625 0
1750023019386 417.81414794921875 0
1750023019386 417.81414794921875 0
1750022931978 417.7832336425781 0
1750022931978 417.7832336425781 0
1750022962651 418.08502197265625 0
1750022931978 417.7832336425781 0
1750022931978 417.7832336425781 0
1750022962651 418.08502197265625 0
1750023019386 417.81414794921875 0
1750023019386 417.81414794921875 0
1750023076519 418.01080322265625 0
1750023076519 418.01080322265625 0
1750023076519 418.01080322265625 0
1750022931978 417.7832336425781 0
1750022931978 417.7832336425781 0
1750022962651 418.08502197265625 0
1750022931978 417.7832336425781 0
1750022931978 417.7832336425781 0
1750022962651 418.08502197265625 0
1750023019386 417.81414794921875 0
1750023019386 417.81414794921875 0
1750022931978 417.7832336425781 0
1750022931978 417.7832336425781 0
1750022962651 418.08502197265625 0
1750022931978 417.7832336425781 0
1750022931978 417.7832336425781 0
1750022962651 418.08502197265625 0
1750023019386 417.81414794921875 0
1750023019386 417.81414794921875 0
1750023076519 418.01080322265625 0
1750023076519 418.01080322265625 0
1750023076519 418.01080322265625 0
1750023106834 417.341796875 0
1750023106834 417.341796875 0
1750023106834 417.341796875 0
1750023106834 417.341796875 0
1750022931978 417.7832336425781 0
1750022931978 417.7832336425781 0
1750022962651 418.08502197265625 0
1750022931978 417.7832336425781 0
1750022931978 417.7832336425781 0
1750022962651 418.08502197265625 0
1750023019386 417.81414794921875 0
1750023019386 417.81414794921875 0
1750022931978 417.7832336425781 0
1750022931978 417.7832336425781 0
1750022962651 418.08502197265625 0
1750022931978 417.7832336425781 0
1750022931978 417.7832336425781 0
1750022962651 418.08502197265625 0
1750023019386 417.81414794921875 0
1750023019386 417.81414794921875 0
1750023076519 418.01080322265625 0
1750023076519 418.01080322265625 0
1750023076519 418.01080322265625 0
1750022931978 417.7832336425781 0
1750022931978 417.7832336425781 0
1750022962651 418.08502197265625 0
1750022931978 417.7832336425781 0
1750022931978 417.7832336425781 0
1750022962651 418.08502197265625 0
1750023019386 417.81414794921875 0
1750023019386 417.81414794921875 0
1750022931978 417.7832336425781 0
1750022931978 417.7832336425781 0
1750022962651 418.08502197265625 0
1750022931978 417.7832336425781 0
1750022931978 417.7832336425781 0
1750022962651 418.08502197265625 0
1750023019386 417.81414794921875 0
1750023019386 417.81414794921875 0
1750023076519 418.01080322265625 0
1750023076519 418.01080322265625 0
1750023076519 418.01080322265625 0
1750023106834 417.341796875 0
1750023106834 417.341796875 0
1750023106834 417.341796875 0
1750023106834 417.341796875 0
1750023152578 417.8458557128906 0
1750023152578 417.8458557128906 0
1750023152578 417.8458557128906 0
1750023152578 417.8458557128906 0
1750023152578 417.8458557128906 0
1750022931978 417.7832336425781 0
1750022931978 417.7832336425781 0
1750022962651 418.08502197265625 0
1750022931978 417.7832336425781 0
1750022931978 417.7832336425781 0
1750022962651 418.08502197265625 0
1750023019386 417.81414794921875 0
1750023019386 417.81414794921875 0
1750022931978 417.7832336425781 0
1750022931978 417.7832336425781 0
1750022962651 418.08502197265625 0
1750022931978 417.7832336425781 0
1750022931978 417.7832336425781 0
1750022962651 418.08502197265625 0
1750023019386 417.81414794921875 0
1750023019386 417.81414794921875 0
1750023076519 418.01080322265625 0
1750023076519 418.01080322265625 0
1750023076519 418.01080322265625 0
1750022931978 417.7832336425781 0
1750022931978 417.7832336425781 0
1750022962651 418.08502197265625 0
1750022931978 417.7832336425781 0
1750022931978 417.7832336425781 0
1750022962651 418.08502197265625 0
1750023019386 417.81414794921875 0
1750023019386 417.81414794921875 0
1750022931978 417.7832336425781 0
1750022931978 417.7832336425781 0
1750022962651 418.08502197265625 0
1750022931978 417.7832336425781 0
1750022931978 417.7832336425781 0
1750022962651 418.08502197265625 0
1750023019386 417.81414794921875 0
1750023019386 417.81414794921875 0
1750023076519 418.01080322265625 0
1750023076519 418.01080322265625 0
1750023076519 418.01080322265625 0
1750023106834 417.341796875 0
1750023106834 417.341796875 0
1750023106834 417.341796875 0
1750023106834 417.341796875 0
1750022931978 417.7832336425781 0
1750022931978 417.7832336425781 0
1750022962651 418.08502197265625 0
1750022931978 417.7832336425781 0
1750022931978 417.7832336425781 0
1750022962651 418.08502197265625 0
1750023019386 417.81414794921875 0
1750023019386 417.81414794921875 0
1750022931978 417.7832336425781 0
1750022931978 417.7832336425781 0
1750022962651 418.08502197265625 0
1750022931978 417.7832336425781 0
1750022931978 417.7832336425781 0
1750022962651 418.08502197265625 0
1750023019386 417.81414794921875 0
1750023019386 417.81414794921875 0
1750023076519 418.01080322265625 0
1750023076519 418.01080322265625 0
1750023076519 418.01080322265625 0
1750022931978 417.7832336425781 0
1750022931978 417.7832336425781 0
1750022962651 418.08502197265625 0
1750022931978 417.7832336425781 0
1750022931978 417.7832336425781 0
1750022962651 418.08502197265625 0
1750023019386 417.81414794921875 0
1750023019386 417.81414794921875 0
1750022931978 417.7832336425781 0
1750022931978 417.7832336425781 0
1750022962651 418.08502197265625 0
1750022931978 417.7832336425781 0
1750022931978 417.7832336425781 0
1750022962651 418.08502197265625 0
1750023019386 417.81414794921875 0
1750023019386 417.81414794921875 0
1750023076519 418.01080322265625 0
1750023076519 418.01080322265625 0
1750023076519 418.01080322265625 0
1750023106834 417.341796875 0
1750023106834 417.341796875 0
1750023106834 417.341796875 0
1750023106834 417.341796875 0
1750023152578 417.8458557128906 0
1750023152578 417.8458557128906 0
1750023152578 417.8458557128906 0
1750023152578 417.8458557128906 0
1750023152578 417.8458557128906 0
1750023218466 417.7944030761719 0
1750023218466 417.7944030761719 0
1750023218466 417.7944030761719 0
1750023218466 417.7944030761719 0
1750023218466 417.7944030761719 0
1750023218466 417.7944030761719 0
1750023298449 417.9900207519531 0
1750023298449 417.9900207519531 0
1750023298449 417.9900207519531 0
1750023298449 417.9900207519531 0
1750023298449 417.9900207519531 0
1750023298449 417.9900207519531 0
1750023298449 417.9900207519531 0
1750022931978 417.7832336425781 0
1750022931978 417.7832336425781 0
1750022962651 418.08502197265625 0
1750022931978 417.7832336425781 0
1750022931978 417.7832336425781 0
1750022962651 418.08502197265625 0
1750023019386 417.81414794921875 0
1750023019386 417.81414794921875 0
1750022931978 417.7832336425781 0
1750022931978 417.7832336425781 0
1750022962651 418.08502197265625 0
1750022931978 417.7832336425781 0
1750022931978 417.7832336425781 0
1750022962651 418.08502197265625 0
1750023019386 417.81414794921875 0
1750023019386 417.81414794921875 0
1750023076519 418.01080322265625 0
1750023076519 418.01080322265625 0
1750023076519 418.01080322265625 0
1750022931978 417.7832336425781 0
1750022931978 417.7832336425781 0
1750022962651 418.08502197265625 0
1750022931978 417.7832336425781 0
1750022931978 417.7832336425781 0
1750022962651 418.08502197265625 0
1750023019386 417.81414794921875 0
1750023019386 417.81414794921875 0
1750022931978 417.7832336425781 0
1750022931978 417.7832336425781 0
1750022962651 418.08502197265625 0
1750022931978 417.7832336425781 0
1750022931978 417.7832336425781 0
1750022962651 418.08502197265625 0
1750023019386 417.81414794921875 0
1750023019386 417.81414794921875 0
1750023076519 418.01080322265625 0
1750023076519 418.01080322265625 0
1750023076519 418.01080322265625 0
1750023106834 417.341796875 0
1750023106834 417.341796875 0
1750023106834 417.341796875 0
1750023106834 417.341796875 0
1750022931978 417.7832336425781 0
1750022931978 417.7832336425781 0
1750022962651 418.08502197265625 0
1750022931978 417.7832336425781 0
1750022931978 417.7832336425781 0
1750022962651 418.08502197265625 0
1750023019386 417.81414794921875 0
1750023019386 417.81414794921875 0
1750022931978 417.7832336425781 0
1750022931978 417.7832336425781 0
1750022962651 418.08502197265625 0
1750022931978 417.7832336425781 0
1750022931978 417.7832336425781 0
1750022962651 418.08502197265625 0
1750023019386 417.81414794921875 0
1750023019386 417.81414794921875 0
1750023076519 418.01080322265625 0
1750023076519 418.01080322265625 0
1750023076519 418.01080322265625 0
1750022931978 417.7832336425781 0
1750022931978 417.7832336425781 0
1750022962651 418.08502197265625 0
1750022931978 417.7832336425781 0
1750022931978 417.7832336425781 0
1750022962651 418.08502197265625 0
1750023019386 417.81414794921875 0
1750023019386 417.81414794921875 0
1750022931978 417.7832336425781 0
1750022931978 417.7832336425781 0
1750022962651 418.08502197265625 0
1750022931978 417.7832336425781 0
1750022931978 417.7832336425781 0
1750022962651 418.08502197265625 0
1750023019386 417.81414794921875 0
1750023019386 417.81414794921875 0
1750023076519 418.01080322265625 0
1750023076519 418.01080322265625 0
1750023076519 418.01080322265625 0
1750023106834 417.341796875 0
1750023106834 417.341796875 0
1750023106834 417.341796875 0
1750023106834 417.341796875 0
1750023152578 417.8458557128906 0
1750023152578 417.8458557128906 0
1750023152578 417.8458557128906 0
1750023152578 417.8458557128906 0
1750023152578 417.8458557128906 0
1750022931978 417.7832336425781 0
1750022931978 417.7832336425781 0
1750022962651 418.08502197265625 0
1750022931978 417.7832336425781 0
1750022931978 417.7832336425781 0
1750022962651 418.08502197265625 0
1750023019386 417.81414794921875 0
1750023019386 417.81414794921875 0
1750022931978 417.7832336425781 0
1750022931978 417.7832336425781 0
1750022962651 418.08502197265625 0
1750022931978 417.7832336425781 0
1750022931978 417.7832336425781 0
1750022962651 418.08502197265625 0
1750023019386 417.81414794921875 0
1750023019386 417.81414794921875 0
1750023076519 418.01080322265625 0
1750023076519 418.01080322265625 0
1750023076519 418.01080322265625 0
1750022931978 417.7832336425781 0
1750022931978 417.7832336425781 0
1750022962651 418.08502197265625 0
1750022931978 417.7832336425781 0
1750022931978 417.7832336425781 0
1750022962651 418.08502197265625 0
1750023019386 417.81414794921875 0
1750023019386 417.81414794921875 0
1750022931978 417.7832336425781 0
1750022931978 417.7832336425781 0
1750022962651 418.08502197265625 0
1750022931978 417.7832336425781 0
1750022931978 417.7832336425781 0
1750022962651 418.08502197265625 0
1750023019386 417.81414794921875 0
1750023019386 417.81414794921875 0
1750023076519 418.01080322265625 0
1750023076519 418.01080322265625 0
1750023076519 418.01080322265625 0
1750023106834 417.341796875 0
1750023106834 417.341796875 0
1750023106834 417.341796875 0
1750023106834 417.341796875 0
1750022931978 417.7832336425781 0
1750022931978 417.7832336425781 0
1750022962651 418.08502197265625 0
1750022931978 417.7832336425781 0
1750022931978 417.7832336425781 0
1750022962651 418.08502197265625 0
1750023019386 417.81414794921875 0
1750023019386 417.81414794921875 0
1750022931978 417.7832336425781 0
1750022931978 417.7832336425781 0
1750022962651 418.08502197265625 0
1750022931978 417.7832336425781 0
1750022931978 417.7832336425781 0
1750022962651 418.08502197265625 0
1750023019386 417.81414794921875 0
1750023019386 417.81414794921875 0
1750023076519 418.01080322265625 0
1750023076519 418.01080322265625 0
1750023076519 418.01080322265625 0
1750022931978 417.7832336425781 0
1750022931978 417.7832336425781 0
1750022962651 418.08502197265625 0
1750022931978 417.7832336425781 0
1750022931978 417.7832336425781 0
1750022962651 418.08502197265625 0
1750023019386 417.81414794921875 0
1750023019386 417.81414794921875 0
1750022931978 417.7832336425781 0
1750022931978 417.7832336425781 0
1750022962651 418.08502197265625 0
1750022931978 417.7832336425781 0
1750022931978 417.7832336425781 0
1750022962651 418.08502197265625 0
1750023019386 417.81414794921875 0
1750023019386 417.81414794921875 0
1750023076519 418.01080322265625 0
1750023076519 418.01080322265625 0
1750023076519 418.01080322265625 0
1750023106834 417.341796875 0
1750023106834 417.341796875 0
1750023106834 417.341796875 0
1750023106834 417.341796875 0
1750023152578 417.8458557128906 0
1750023152578 417.8458557128906 0
1750023152578 417.8458557128906 0
1750023152578 417.8458557128906 0
1750023152578 417.8458557128906 0
1750023218466 417.7944030761719 0
1750023218466 417.7944030761719 0
1750023218466 417.7944030761719 0
1750023218466 417.7944030761719 0
1750023218466 417.7944030761719 0
1750023218466 417.7944030761719 0
1750022931978 417.7832336425781 0
1750022931978 417.7832336425781 0
1750022962651 418.08502197265625 0
1750022931978 417.7832336425781 0
1750022931978 417.7832336425781 0
1750022962651 418.08502197265625 0
1750023019386 417.81414794921875 0
1750023019386 417.81414794921875 0
1750022931978 417.7832336425781 0
1750022931978 417.7832336425781 0
1750022962651 418.08502197265625 0
1750022931978 417.7832336425781 0
1750022931978 417.7832336425781 0
1750022962651 418.08502197265625 0
1750023019386 417.81414794921875 0
1750023019386 417.81414794921875 0
1750023076519 418.01080322265625 0
1750023076519 418.01080322265625 0
1750023076519 418.01080322265625 0
1750022931978 417.7832336425781 0
1750022931978 417.7832336425781 0
1750022962651 418.08502197265625 0
1750022931978 417.7832336425781 0
1750022931978 417.7832336425781 0
1750022962651 418.08502197265625 0
1750023019386 417.81414794921875 0
1750023019386 417.81414794921875 0
1750022931978 417.7832336425781 0
1750022931978 417.7832336425781 0
1750022962651 418.08502197265625 0
1750022931978 417.7832336425781 0
1750022931978 417.7832336425781 0
1750022962651 418.08502197265625 0
1750023019386 417.81414794921875 0
1750023019386 417.81414794921875 0
1750023076519 418.01080322265625 0
1750023076519 418.01080322265625 0
1750023076519 418.01080322265625 0
1750023106834 417.341796875 0
1750023106834 417.341796875 0
1750023106834 417.341796875 0
1750023106834 417.341796875 0
1750022931978 417.7832336425781 0
1750022931978 417.7832336425781 0
1750022962651 418.08502197265625 0
1750022931978 417.7832336425781 0
1750022931978 417.7832336425781 0
1750022962651 418.08502197265625 0
1750023019386 417.81414794921875 0
1750023019386 417.81414794921875 0
1750022931978 417.7832336425781 0
1750022931978 417.7832336425781 0
1750022962651 418.08502197265625 0
1750022931978 417.7832336425781 0
1750022931978 417.7832336425781 0
1750022962651 418.08502197265625 0
1750023019386 417.81414794921875 0
1750023019386 417.81414794921875 0
1750023076519 418.01080322265625 0
1750023076519 418.01080322265625 0
1750023076519 418.01080322265625 0
1750022931978 417.7832336425781 0
1750022931978 417.7832336425781 0
1750022962651 418.08502197265625 0
1750022931978 417.7832336425781 0
1750022931978 417.7832336425781 0
1750022962651 418.08502197265625 0
1750023019386 417.81414794921875 0
1750023019386 417.81414794921875 0
1750022931978 417.7832336425781 0
1750022931978 417.7832336425781 0
1750022962651 418.08502197265625 0
1750022931978 417.7832336425781 0
1750022931978 417.7832336425781 0
1750022962651 418.08502197265625 0
1750023019386 417.81414794921875 0
1750023019386 417.81414794921875 0
1750023076519 418.01080322265625 0
1750023076519 418.01080322265625 0
1750023076519 418.01080322265625 0
1750023106834 417.341796875 0
1750023106834 417.341796875 0
1750023106834 417.341796875 0
1750023106834 417.341796875 0
1750023152578 417.8458557128906 0
1750023152578 417.8458557128906 0
1750023152578 417.8458557128906 0
1750023152578 417.8458557128906 0
1750023152578 417.8458557128906 0
1750022931978 417.7832336425781 0
1750022931978 417.7832336425781 0
1750022962651 418.08502197265625 0
1750022931978 417.7832336425781 0
1750022931978 417.7832336425781 0
1750022962651 418.08502197265625 0
1750023019386 417.81414794921875 0
1750023019386 417.81414794921875 0
1750022931978 417.7832336425781 0
1750022931978 417.7832336425781 0
1750022962651 418.08502197265625 0
1750022931978 417.7832336425781 0
1750022931978 417.7832336425781 0
1750022962651 418.08502197265625 0
1750023019386 417.81414794921875 0
1750023019386 417.81414794921875 0
1750023076519 418.01080322265625 0
1750023076519 418.01080322265625 0
1750023076519 418.01080322265625 0
1750022931978 417.7832336425781 0
1750022931978 417.7832336425781 0
1750022962651 418.08502197265625 0
1750022931978 417.7832336425781 0
1750022931978 417.7832336425781 0
1750022962651 418.08502197265625 0
1750023019386 417.81414794921875 0
1750023019386 417.81414794921875 0
1750022931978 417.7832336425781 0
1750022931978 417.7832336425781 0
1750022962651 418.08502197265625 0
1750022931978 417.7832336425781 0
1750022931978 417.7832336425781 0
1750022962651 418.08502197265625 0
1750023019386 417.81414794921875 0
1750023019386 417.81414794921875 0
1750023076519 418.01080322265625 0
1750023076519 418.01080322265625 0
1750023076519 418.01080322265625 0
1750023106834 417.341796875 0
1750023106834 417.341796875 0
1750023106834 417.341796875 0
1750023106834 417.341796875 0
1750022931978 417.7832336425781 0
1750022931978 417.7832336425781 0
1750022962651 418.08502197265625 0
1750022931978 417.7832336425781 0
1750022931978 417.7832336425781 0
1750022962651 418.08502197265625 0
1750023019386 417.81414794921875 0
1750023019386 417.81414794921875 0
1750022931978 417.7832336425781 0
1750022931978 417.7832336425781 0
1750022962651 418.08502197265625 0
1750022931978 417.7832336425781 0
1750022931978 417.7832336425781 0
1750022962651 418.08502197265625 0
1750023019386 417.81414794921875 0
1750023019386 417.81414794921875 0
1750023076519 418.01080322265625 0
1750023076519 418.01080322265625 0
1750023076519 418.01080322265625 0
1750022931978 417.7832336425781 0
1750022931978 417.7832336425781 0
1750022962651 418.08502197265625 0
1750022931978 417.7832336425781 0
1750022931978 417.7832336425781 0
1750022962651 418.08502197265625 0
1750023019386 417.81414794921875 0
1750023019386 417.81414794921875 0
1750022931978 417.7832336425781 0
1750022931978 417.7832336425781 0
1750022962651 418.08502197265625 0
1750022931978 417.7832336425781 0
1750022931978 417.7832336425781 0
1750022962651 418.08502197265625 0
1750023019386 417.81414794921875 0
1750023019386 417.81414794921875 0
1750023076519 418.01080322265625 0
1750023076519 418.01080322265625 0
1750023076519 418.01080322265625 0
1750023106834 417.341796875 0
1750023106834 417.341796875 0
1750023106834 417.341796875 0
1750023106834 417.341796875 0
1750023152578 417.8458557128906 0
1750023152578 417.8458557128906 0
1750023152578 417.8458557128906 0
1750023152578 417.8458557128906 0
1750023152578 417.8458557128906 0
1750023218466 417.7944030761719 0
1750023218466 417.7944030761719 0
1750023218466 417.7944030761719 0
1750023218466 417.7944030761719 0
1750023218466 417.7944030761719 0
1750023218466 417.7944030761719 0
1750023298449 417.9900207519531 0
1750023298449 417.9900207519531 0
1750023298449 417.9900207519531 0
1750023298449 417.9900207519531 0
1750023298449 417.9900207519531 0
1750023298449 417.9900207519531 0
1750023298449 417.9900207519531 0
1750023449466 417.962158203125 0
1750023449466 417.962158203125 0
1750023449466 417.962158203125 0
1750023449466 417.962158203125 0
1750023449466 417.962158203125 0
1750023449466 417.962158203125 0
1750023449466 417.962158203125 0
1750023449466 417.962158203125 0
1750023702988 416.24273681640625 0
1750023702988 416.24273681640625 0
1750023702988 416.24273681640625 0
1750023702988 416.24273681640625 0
1750023702988 416.24273681640625 0
1750023702988 416.24273681640625 0
1750023702988 416.24273681640625 0
1750023702988 416.24273681640625 0
1750023702988 416.24273681640625 0
1750023708134 413.78424072265625 1
1750023714114 409.95404052734375 2
1750023719643 405.17950439453125 3
1750023725098 397.2582092285156 4
1750023730405 386.2610168457031 5
1750023735122 371.77130126953125 6
1750023740544 351.36871337890625 7
1750023745865 327.87139892578125 8
1750023750865 294.4298095703125 9
1750023756193 264.69110107421875 10
1750023761789 222.29905700683594 11
1750023769693 200.6507110595703 12
1750023776292 161.46209716796875 13
1750023782727 146.51622009277344 14
1750023788367 133.70912170410156 15
