1750022931978 417.7832336425781 0 a46da0974f0e403dba3d89fff2075a35
1750022931978 417.7832336425781 0 a46da0974f0e403dba3d89fff2075a35
1750022962651 418.08502197265625 0 a46da0974f0e403dba3d89fff2075a35
1750022931978 417.7832336425781 0 a46da0974f0e403dba3d89fff2075a35
1750022931978 417.7832336425781 0 a46da0974f0e403dba3d89fff2075a35
1750022962651 418.08502197265625 0 a46da0974f0e403dba3d89fff2075a35
1750023019386 417.81414794921875 0 a46da0974f0e403dba3d89fff2075a35
1750023019386 417.81414794921875 0 a46da0974f0e403dba3d89fff2075a35
1750022931978 417.7832336425781 0 a46da0974f0e403dba3d89fff2075a35
1750022931978 417.7832336425781 0 a46da0974f0e403dba3d89fff2075a35
1750022962651 418.08502197265625 0 a46da0974f0e403dba3d89fff2075a35
1750022931978 417.7832336425781 0 a46da0974f0e403dba3d89fff2075a35
1750022931978 417.7832336425781 0 a46da0974f0e403dba3d89fff2075a35
1750022962651 418.08502197265625 0 a46da0974f0e403dba3d89fff2075a35
1750023019386 417.81414794921875 0 a46da0974f0e403dba3d89fff2075a35
1750023019386 417.81414794921875 0 a46da0974f0e403dba3d89fff2075a35
1750023076519 418.01080322265625 0 a46da0974f0e403dba3d89fff2075a35
1750023076519 418.01080322265625 0 a46da0974f0e403dba3d89fff2075a35
1750023076519 418.01080322265625 0 a46da0974f0e403dba3d89fff2075a35
1750022931978 417.7832336425781 0 a46da0974f0e403dba3d89fff2075a35
1750022931978 417.7832336425781 0 a46da0974f0e403dba3d89fff2075a35
1750022962651 418.08502197265625 0 a46da0974f0e403dba3d89fff2075a35
1750022931978 417.7832336425781 0 a46da0974f0e403dba3d89fff2075a35
1750022931978 417.7832336425781 0 a46da0974f0e403dba3d89fff2075a35
1750022962651 418.08502197265625 0 a46da0974f0e403dba3d89fff2075a35
1750023019386 417.81414794921875 0 a46da0974f0e403dba3d89fff2075a35
1750023019386 417.81414794921875 0 a46da0974f0e403dba3d89fff2075a35
1750022931978 417.7832336425781 0 a46da0974f0e403dba3d89fff2075a35
1750022931978 417.7832336425781 0 a46da0974f0e403dba3d89fff2075a35
1750022962651 418.08502197265625 0 a46da0974f0e403dba3d89fff2075a35
1750022931978 417.7832336425781 0 a46da0974f0e403dba3d89fff2075a35
1750022931978 417.7832336425781 0 a46da0974f0e403dba3d89fff2075a35
1750022962651 418.08502197265625 0 a46da0974f0e403dba3d89fff2075a35
1750023019386 417.81414794921875 0 a46da0974f0e403dba3d89fff2075a35
1750023019386 417.81414794921875 0 a46da0974f0e403dba3d89fff2075a35
1750023076519 418.01080322265625 0 a46da0974f0e403dba3d89fff2075a35
1750023076519 418.01080322265625 0 a46da0974f0e403dba3d89fff2075a35
1750023076519 418.01080322265625 0 a46da0974f0e403dba3d89fff2075a35
1750023106834 417.341796875 0 a46da0974f0e403dba3d89fff2075a35
1750023106834 417.341796875 0 a46da0974f0e403dba3d89fff2075a35
1750023106834 417.341796875 0 a46da0974f0e403dba3d89fff2075a35
1750023106834 417.341796875 0 a46da0974f0e403dba3d89fff2075a35
1750022931978 417.7832336425781 0 a46da0974f0e403dba3d89fff2075a35
1750022931978 417.7832336425781 0 a46da0974f0e403dba3d89fff2075a35
1750022962651 418.08502197265625 0 a46da0974f0e403dba3d89fff2075a35
1750022931978 417.7832336425781 0 a46da0974f0e403dba3d89fff2075a35
1750022931978 417.7832336425781 0 a46da0974f0e403dba3d89fff2075a35
1750022962651 418.08502197265625 0 a46da0974f0e403dba3d89fff2075a35
1750023019386 417.81414794921875 0 a46da0974f0e403dba3d89fff2075a35
1750023019386 417.81414794921875 0 a46da0974f0e403dba3d89fff2075a35
1750022931978 417.7832336425781 0 a46da0974f0e403dba3d89fff2075a35
1750022931978 417.7832336425781 0 a46da0974f0e403dba3d89fff2075a35
1750022962651 418.08502197265625 0 a46da0974f0e403dba3d89fff2075a35
1750022931978 417.7832336425781 0 a46da0974f0e403dba3d89fff2075a35
1750022931978 417.7832336425781 0 a46da0974f0e403dba3d89fff2075a35
1750022962651 418.08502197265625 0 a46da0974f0e403dba3d89fff2075a35
1750023019386 417.81414794921875 0 a46da0974f0e403dba3d89fff2075a35
1750023019386 417.81414794921875 0 a46da0974f0e403dba3d89fff2075a35
1750023076519 418.01080322265625 0 a46da0974f0e403dba3d89fff2075a35
1750023076519 418.01080322265625 0 a46da0974f0e403dba3d89fff2075a35
1750023076519 418.01080322265625 0 a46da0974f0e403dba3d89fff2075a35
1750022931978 417.7832336425781 0 a46da0974f0e403dba3d89fff2075a35
1750022931978 417.7832336425781 0 a46da0974f0e403dba3d89fff2075a35
1750022962651 418.08502197265625 0 a46da0974f0e403dba3d89fff2075a35
1750022931978 417.7832336425781 0 a46da0974f0e403dba3d89fff2075a35
1750022931978 417.7832336425781 0 a46da0974f0e403dba3d89fff2075a35
1750022962651 418.08502197265625 0 a46da0974f0e403dba3d89fff2075a35
1750023019386 417.81414794921875 0 a46da0974f0e403dba3d89fff2075a35
1750023019386 417.81414794921875 0 a46da0974f0e403dba3d89fff2075a35
1750022931978 417.7832336425781 0 a46da0974f0e403dba3d89fff2075a35
1750022931978 417.7832336425781 0 a46da0974f0e403dba3d89fff2075a35
1750022962651 418.08502197265625 0 a46da0974f0e403dba3d89fff2075a35
1750022931978 417.7832336425781 0 a46da0974f0e403dba3d89fff2075a35
1750022931978 417.7832336425781 0 a46da0974f0e403dba3d89fff2075a35
1750022962651 418.08502197265625 0 a46da0974f0e403dba3d89fff2075a35
1750023019386 417.81414794921875 0 a46da0974f0e403dba3d89fff2075a35
1750023019386 417.81414794921875 0 a46da0974f0e403dba3d89fff2075a35
1750023076519 418.01080322265625 0 a46da0974f0e403dba3d89fff2075a35
1750023076519 418.01080322265625 0 a46da0974f0e403dba3d89fff2075a35
1750023076519 418.01080322265625 0 a46da0974f0e403dba3d89fff2075a35
1750023106834 417.341796875 0 a46da0974f0e403dba3d89fff2075a35
1750023106834 417.341796875 0 a46da0974f0e403dba3d89fff2075a35
1750023106834 417.341796875 0 a46da0974f0e403dba3d89fff2075a35
1750023106834 417.341796875 0 a46da0974f0e403dba3d89fff2075a35
1750023152578 417.8458557128906 0 a46da0974f0e403dba3d89fff2075a35
1750023152578 417.8458557128906 0 a46da0974f0e403dba3d89fff2075a35
1750023152578 417.8458557128906 0 a46da0974f0e403dba3d89fff2075a35
1750023152578 417.8458557128906 0 a46da0974f0e403dba3d89fff2075a35
1750023152578 417.8458557128906 0 a46da0974f0e403dba3d89fff2075a35
1750022931978 417.7832336425781 0 a46da0974f0e403dba3d89fff2075a35
1750022931978 417.7832336425781 0 a46da0974f0e403dba3d89fff2075a35
1750022962651 418.08502197265625 0 a46da0974f0e403dba3d89fff2075a35
1750022931978 417.7832336425781 0 a46da0974f0e403dba3d89fff2075a35
1750022931978 417.7832336425781 0 a46da0974f0e403dba3d89fff2075a35
1750022962651 418.08502197265625 0 a46da0974f0e403dba3d89fff2075a35
1750023019386 417.81414794921875 0 a46da0974f0e403dba3d89fff2075a35
1750023019386 417.81414794921875 0 a46da0974f0e403dba3d89fff2075a35
1750022931978 417.7832336425781 0 a46da0974f0e403dba3d89fff2075a35
1750022931978 417.7832336425781 0 a46da0974f0e403dba3d89fff2075a35
1750022962651 418.08502197265625 0 a46da0974f0e403dba3d89fff2075a35
1750022931978 417.7832336425781 0 a46da0974f0e403dba3d89fff2075a35
1750022931978 417.7832336425781 0 a46da0974f0e403dba3d89fff2075a35
1750022962651 418.08502197265625 0 a46da0974f0e403dba3d89fff2075a35
1750023019386 417.81414794921875 0 a46da0974f0e403dba3d89fff2075a35
1750023019386 417.81414794921875 0 a46da0974f0e403dba3d89fff2075a35
1750023076519 418.01080322265625 0 a46da0974f0e403dba3d89fff2075a35
1750023076519 418.01080322265625 0 a46da0974f0e403dba3d89fff2075a35
1750023076519 418.01080322265625 0 a46da0974f0e403dba3d89fff2075a35
1750022931978 417.7832336425781 0 a46da0974f0e403dba3d89fff2075a35
1750022931978 417.7832336425781 0 a46da0974f0e403dba3d89fff2075a35
1750022962651 418.08502197265625 0 a46da0974f0e403dba3d89fff2075a35
1750022931978 417.7832336425781 0 a46da0974f0e403dba3d89fff2075a35
1750022931978 417.7832336425781 0 a46da0974f0e403dba3d89fff2075a35
1750022962651 418.08502197265625 0 a46da0974f0e403dba3d89fff2075a35
1750023019386 417.81414794921875 0 a46da0974f0e403dba3d89fff2075a35
1750023019386 417.81414794921875 0 a46da0974f0e403dba3d89fff2075a35
1750022931978 417.7832336425781 0 a46da0974f0e403dba3d89fff2075a35
1750022931978 417.7832336425781 0 a46da0974f0e403dba3d89fff2075a35
1750022962651 418.08502197265625 0 a46da0974f0e403dba3d89fff2075a35
1750022931978 417.7832336425781 0 a46da0974f0e403dba3d89fff2075a35
1750022931978 417.7832336425781 0 a46da0974f0e403dba3d89fff2075a35
1750022962651 418.08502197265625 0 a46da0974f0e403dba3d89fff2075a35
1750023019386 417.81414794921875 0 a46da0974f0e403dba3d89fff2075a35
1750023019386 417.81414794921875 0 a46da0974f0e403dba3d89fff2075a35
1750023076519 418.01080322265625 0 a46da0974f0e403dba3d89fff2075a35
1750023076519 418.01080322265625 0 a46da0974f0e403dba3d89fff2075a35
1750023076519 418.01080322265625 0 a46da0974f0e403dba3d89fff2075a35
1750023106834 417.341796875 0 a46da0974f0e403dba3d89fff2075a35
1750023106834 417.341796875 0 a46da0974f0e403dba3d89fff2075a35
1750023106834 417.341796875 0 a46da0974f0e403dba3d89fff2075a35
1750023106834 417.341796875 0 a46da0974f0e403dba3d89fff2075a35
1750022931978 417.7832336425781 0 a46da0974f0e403dba3d89fff2075a35
1750022931978 417.7832336425781 0 a46da0974f0e403dba3d89fff2075a35
1750022962651 418.08502197265625 0 a46da0974f0e403dba3d89fff2075a35
1750022931978 417.7832336425781 0 a46da0974f0e403dba3d89fff2075a35
1750022931978 417.7832336425781 0 a46da0974f0e403dba3d89fff2075a35
1750022962651 418.08502197265625 0 a46da0974f0e403dba3d89fff2075a35
1750023019386 417.81414794921875 0 a46da0974f0e403dba3d89fff2075a35
1750023019386 417.81414794921875 0 a46da0974f0e403dba3d89fff2075a35
1750022931978 417.7832336425781 0 a46da0974f0e403dba3d89fff2075a35
1750022931978 417.7832336425781 0 a46da0974f0e403dba3d89fff2075a35
1750022962651 418.08502197265625 0 a46da0974f0e403dba3d89fff2075a35
1750022931978 417.7832336425781 0 a46da0974f0e403dba3d89fff2075a35
1750022931978 417.7832336425781 0 a46da0974f0e403dba3d89fff2075a35
1750022962651 418.08502197265625 0 a46da0974f0e403dba3d89fff2075a35
1750023019386 417.81414794921875 0 a46da0974f0e403dba3d89fff2075a35
1750023019386 417.81414794921875 0 a46da0974f0e403dba3d89fff2075a35
1750023076519 418.01080322265625 0 a46da0974f0e403dba3d89fff2075a35
1750023076519 418.01080322265625 0 a46da0974f0e403dba3d89fff2075a35
1750023076519 418.01080322265625 0 a46da0974f0e403dba3d89fff2075a35
1750022931978 417.7832336425781 0 a46da0974f0e403dba3d89fff2075a35
1750022931978 417.7832336425781 0 a46da0974f0e403dba3d89fff2075a35
1750022962651 418.08502197265625 0 a46da0974f0e403dba3d89fff2075a35
1750022931978 417.7832336425781 0 a46da0974f0e403dba3d89fff2075a35
1750022931978 417.7832336425781 0 a46da0974f0e403dba3d89fff2075a35
1750022962651 418.08502197265625 0 a46da0974f0e403dba3d89fff2075a35
1750023019386 417.81414794921875 0 a46da0974f0e403dba3d89fff2075a35
1750023019386 417.81414794921875 0 a46da0974f0e403dba3d89fff2075a35
1750022931978 417.7832336425781 0 a46da0974f0e403dba3d89fff2075a35
1750022931978 417.7832336425781 0 a46da0974f0e403dba3d89fff2075a35
1750022962651 418.08502197265625 0 a46da0974f0e403dba3d89fff2075a35
1750022931978 417.7832336425781 0 a46da0974f0e403dba3d89fff2075a35
1750022931978 417.7832336425781 0 a46da0974f0e403dba3d89fff2075a35
1750022962651 418.08502197265625 0 a46da0974f0e403dba3d89fff2075a35
1750023019386 417.81414794921875 0 a46da0974f0e403dba3d89fff2075a35
1750023019386 417.81414794921875 0 a46da0974f0e403dba3d89fff2075a35
1750023076519 418.01080322265625 0 a46da0974f0e403dba3d89fff2075a35
1750023076519 418.01080322265625 0 a46da0974f0e403dba3d89fff2075a35
1750023076519 418.01080322265625 0 a46da0974f0e403dba3d89fff2075a35
1750023106834 417.341796875 0 a46da0974f0e403dba3d89fff2075a35
1750023106834 417.341796875 0 a46da0974f0e403dba3d89fff2075a35
1750023106834 417.341796875 0 a46da0974f0e403dba3d89fff2075a35
1750023106834 417.341796875 0 a46da0974f0e403dba3d89fff2075a35
1750023152578 417.8458557128906 0 a46da0974f0e403dba3d89fff2075a35
1750023152578 417.8458557128906 0 a46da0974f0e403dba3d89fff2075a35
1750023152578 417.8458557128906 0 a46da0974f0e403dba3d89fff2075a35
1750023152578 417.8458557128906 0 a46da0974f0e403dba3d89fff2075a35
1750023152578 417.8458557128906 0 a46da0974f0e403dba3d89fff2075a35
1750023218466 417.7944030761719 0 a46da0974f0e403dba3d89fff2075a35
1750023218466 417.7944030761719 0 a46da0974f0e403dba3d89fff2075a35
1750023218466 417.7944030761719 0 a46da0974f0e403dba3d89fff2075a35
1750023218466 417.7944030761719 0 a46da0974f0e403dba3d89fff2075a35
1750023218466 417.7944030761719 0 a46da0974f0e403dba3d89fff2075a35
1750023218466 417.7944030761719 0 a46da0974f0e403dba3d89fff2075a35
1750023295890 52.83925247192383 88 a46da0974f0e403dba3d89fff2075a35
1750023298449 417.9900207519531 0 a46da0974f0e403dba3d89fff2075a35
1750023449466 417.962158203125 0 a46da0974f0e403dba3d89fff2075a35
1750023702988 416.24273681640625 0 a46da0974f0e403dba3d89fff2075a35
