1750022931978 205021.9375 0 a46da0974f0e403dba3d89fff2075a35
1750022931978 205021.9375 0 a46da0974f0e403dba3d89fff2075a35
1750022962651 205356.859375 0 a46da0974f0e403dba3d89fff2075a35
1750022931978 205021.9375 0 a46da0974f0e403dba3d89fff2075a35
1750022931978 205021.9375 0 a46da0974f0e403dba3d89fff2075a35
1750022962651 205356.859375 0 a46da0974f0e403dba3d89fff2075a35
1750023019386 204689.765625 0 a46da0974f0e403dba3d89fff2075a35
1750023019386 204689.765625 0 a46da0974f0e403dba3d89fff2075a35
1750022931978 205021.9375 0 a46da0974f0e403dba3d89fff2075a35
1750022931978 205021.9375 0 a46da0974f0e403dba3d89fff2075a35
1750022962651 205356.859375 0 a46da0974f0e403dba3d89fff2075a35
1750022931978 205021.9375 0 a46da0974f0e403dba3d89fff2075a35
1750022931978 205021.9375 0 a46da0974f0e403dba3d89fff2075a35
1750022962651 205356.859375 0 a46da0974f0e403dba3d89fff2075a35
1750023019386 204689.765625 0 a46da0974f0e403dba3d89fff2075a35
1750023019386 204689.765625 0 a46da0974f0e403dba3d89fff2075a35
1750023076519 205230.546875 0 a46da0974f0e403dba3d89fff2075a35
1750023076519 205230.546875 0 a46da0974f0e403dba3d89fff2075a35
1750023076519 205230.546875 0 a46da0974f0e403dba3d89fff2075a35
1750022931978 205021.9375 0 a46da0974f0e403dba3d89fff2075a35
1750022931978 205021.9375 0 a46da0974f0e403dba3d89fff2075a35
1750022962651 205356.859375 0 a46da0974f0e403dba3d89fff2075a35
1750022931978 205021.9375 0 a46da0974f0e403dba3d89fff2075a35
1750022931978 205021.9375 0 a46da0974f0e403dba3d89fff2075a35
1750022962651 205356.859375 0 a46da0974f0e403dba3d89fff2075a35
1750023019386 204689.765625 0 a46da0974f0e403dba3d89fff2075a35
1750023019386 204689.765625 0 a46da0974f0e403dba3d89fff2075a35
1750022931978 205021.9375 0 a46da0974f0e403dba3d89fff2075a35
1750022931978 205021.9375 0 a46da0974f0e403dba3d89fff2075a35
1750022962651 205356.859375 0 a46da0974f0e403dba3d89fff2075a35
1750022931978 205021.9375 0 a46da0974f0e403dba3d89fff2075a35
1750022931978 205021.9375 0 a46da0974f0e403dba3d89fff2075a35
1750022962651 205356.859375 0 a46da0974f0e403dba3d89fff2075a35
1750023019386 204689.765625 0 a46da0974f0e403dba3d89fff2075a35
1750023019386 204689.765625 0 a46da0974f0e403dba3d89fff2075a35
1750023076519 205230.546875 0 a46da0974f0e403dba3d89fff2075a35
1750023076519 205230.546875 0 a46da0974f0e403dba3d89fff2075a35
1750023076519 205230.546875 0 a46da0974f0e403dba3d89fff2075a35
1750023106834 204684.921875 0 a46da0974f0e403dba3d89fff2075a35
1750023106834 204684.921875 0 a46da0974f0e403dba3d89fff2075a35
1750023106834 204684.921875 0 a46da0974f0e403dba3d89fff2075a35
1750023106834 204684.921875 0 a46da0974f0e403dba3d89fff2075a35
1750022931978 205021.9375 0 a46da0974f0e403dba3d89fff2075a35
1750022931978 205021.9375 0 a46da0974f0e403dba3d89fff2075a35
1750022962651 205356.859375 0 a46da0974f0e403dba3d89fff2075a35
1750022931978 205021.9375 0 a46da0974f0e403dba3d89fff2075a35
1750022931978 205021.9375 0 a46da0974f0e403dba3d89fff2075a35
1750022962651 205356.859375 0 a46da0974f0e403dba3d89fff2075a35
1750023019386 204689.765625 0 a46da0974f0e403dba3d89fff2075a35
1750023019386 204689.765625 0 a46da0974f0e403dba3d89fff2075a35
1750022931978 205021.9375 0 a46da0974f0e403dba3d89fff2075a35
1750022931978 205021.9375 0 a46da0974f0e403dba3d89fff2075a35
1750022962651 205356.859375 0 a46da0974f0e403dba3d89fff2075a35
1750022931978 205021.9375 0 a46da0974f0e403dba3d89fff2075a35
1750022931978 205021.9375 0 a46da0974f0e403dba3d89fff2075a35
1750022962651 205356.859375 0 a46da0974f0e403dba3d89fff2075a35
1750023019386 204689.765625 0 a46da0974f0e403dba3d89fff2075a35
1750023019386 204689.765625 0 a46da0974f0e403dba3d89fff2075a35
1750023076519 205230.546875 0 a46da0974f0e403dba3d89fff2075a35
1750023076519 205230.546875 0 a46da0974f0e403dba3d89fff2075a35
1750023076519 205230.546875 0 a46da0974f0e403dba3d89fff2075a35
1750022931978 205021.9375 0 a46da0974f0e403dba3d89fff2075a35
1750022931978 205021.9375 0 a46da0974f0e403dba3d89fff2075a35
1750022962651 205356.859375 0 a46da0974f0e403dba3d89fff2075a35
1750022931978 205021.9375 0 a46da0974f0e403dba3d89fff2075a35
1750022931978 205021.9375 0 a46da0974f0e403dba3d89fff2075a35
1750022962651 205356.859375 0 a46da0974f0e403dba3d89fff2075a35
1750023019386 204689.765625 0 a46da0974f0e403dba3d89fff2075a35
1750023019386 204689.765625 0 a46da0974f0e403dba3d89fff2075a35
1750022931978 205021.9375 0 a46da0974f0e403dba3d89fff2075a35
1750022931978 205021.9375 0 a46da0974f0e403dba3d89fff2075a35
1750022962651 205356.859375 0 a46da0974f0e403dba3d89fff2075a35
1750022931978 205021.9375 0 a46da0974f0e403dba3d89fff2075a35
1750022931978 205021.9375 0 a46da0974f0e403dba3d89fff2075a35
1750022962651 205356.859375 0 a46da0974f0e403dba3d89fff2075a35
1750023019386 204689.765625 0 a46da0974f0e403dba3d89fff2075a35
1750023019386 204689.765625 0 a46da0974f0e403dba3d89fff2075a35
1750023076519 205230.546875 0 a46da0974f0e403dba3d89fff2075a35
1750023076519 205230.546875 0 a46da0974f0e403dba3d89fff2075a35
1750023076519 205230.546875 0 a46da0974f0e403dba3d89fff2075a35
1750023106834 204684.921875 0 a46da0974f0e403dba3d89fff2075a35
1750023106834 204684.921875 0 a46da0974f0e403dba3d89fff2075a35
1750023106834 204684.921875 0 a46da0974f0e403dba3d89fff2075a35
1750023106834 204684.921875 0 a46da0974f0e403dba3d89fff2075a35
1750023152578 204946.015625 0 a46da0974f0e403dba3d89fff2075a35
1750023152578 204946.015625 0 a46da0974f0e403dba3d89fff2075a35
1750023152578 204946.015625 0 a46da0974f0e403dba3d89fff2075a35
1750023152578 204946.015625 0 a46da0974f0e403dba3d89fff2075a35
1750023152578 204946.015625 0 a46da0974f0e403dba3d89fff2075a35
1750023218466 205037.9375 0 a46da0974f0e403dba3d89fff2075a35
1750023298449 204938.828125 0 a46da0974f0e403dba3d89fff2075a35
1750023449466 204992.203125 0 a46da0974f0e403dba3d89fff2075a35
1750023702988 203728.8125 0 a46da0974f0e403dba3d89fff2075a35
