1750022959628 55.0 0 a46da0974f0e403dba3d89fff2075a35
1750022959628 55.0 0 a46da0974f0e403dba3d89fff2075a35
1750022959628 55.0 0 a46da0974f0e403dba3d89fff2075a35
1750022959628 55.0 0 a46da0974f0e403dba3d89fff2075a35
1750022959628 55.0 0 a46da0974f0e403dba3d89fff2075a35
1750022959628 55.0 0 a46da0974f0e403dba3d89fff2075a35
1750022959628 55.0 0 a46da0974f0e403dba3d89fff2075a35
1750022959628 55.0 0 a46da0974f0e403dba3d89fff2075a35
1750023104160 37.0 0 a46da0974f0e403dba3d89fff2075a35
1750022959628 55.0 0 a46da0974f0e403dba3d89fff2075a35
1750022959628 55.0 0 a46da0974f0e403dba3d89fff2075a35
1750022959628 55.0 0 a46da0974f0e403dba3d89fff2075a35
1750022959628 55.0 0 a46da0974f0e403dba3d89fff2075a35
1750022959628 55.0 0 a46da0974f0e403dba3d89fff2075a35
1750022959628 55.0 0 a46da0974f0e403dba3d89fff2075a35
1750022959628 55.0 0 a46da0974f0e403dba3d89fff2075a35
1750022959628 55.0 0 a46da0974f0e403dba3d89fff2075a35
1750023104160 37.0 0 a46da0974f0e403dba3d89fff2075a35
1750023150200 91.0 0 a46da0974f0e403dba3d89fff2075a35
